(14,25)(5,5)-1000
(15,25)(4,5);(19,27)(1,1);(14,25)(1,4)-1000
(15,25)(4,5);(19,27)(1,1);(20,27)(1,1);(14,26)(1,3)-1000
(19,27)(3,1);(14,26)(1,3);(15,25)(1,4);(16,25)(3,5)-1000
(21,27)(1,1);(15,25)(4,5);(14,25)(1,4);(14,29)(1,1);(13,27)(1,1)-1000
(22,27)(1,1);(15,25)(4,5);(14,25)(1,4)-1000
(23,27)(1,1);(15,25)(4,5);(14,26)(1,3);(19,27)(1,1)-1000
(24,27)(1,1);(14,26)(1,3);(19,27)(1,1);(16,25)(3,5);(15,25)(1,4);(20,27)(1,1)-1000
(25,27)(1,1);(19,27)(3,1);(16,25)(3,5);(14,26)(2,3)-1000
(26,27)(1,1);(16,25)(3,5);(14,26)(2,3);(15,29)(1,1);(15,25)(1,1);(21,27)(1,1);(14,29)(1,1);(14,25)(1,1)-1000
(27,27)(1,1);(16,25)(3,5);(14,26)(2,3);(15,29)(1,1);(15,25)(1,1);(22,27)(1,1)-1000
(28,27)(1,1);(16,25)(3,5);(15,29)(1,1);(15,25)(1,1);(23,27)(1,1);(15,26)(1,3);(14,26)(1,2);(19,27)(1,1)-1000
(29,27)(1,1);(16,25)(3,5);(15,29)(1,1);(15,25)(1,1);(24,27)(1,1);(19,27)(2,1);(15,26)(1,3);(14,27)(1,1)-1000
(30,27)(1,1);(16,25)(3,5);(25,27)(1,1);(15,25)(1,5);(19,27)(3,1)-1000
(31,27)(1,1);(16,25)(3,5);(26,27)(1,1);(21,27)(1,1);(15,25)(1,4);(14,26)(1,3);(15,29)(1,1);(13,27)(1,1)-1000
(32,27)(1,1);(16,25)(3,5);(27,27)(1,1);(22,27)(1,1);(15,25)(1,4);(14,26)(1,3)-1000
(33,27)(1,1);(16,25)(3,5);(28,27)(1,1);(23,27)(1,1);(15,25)(1,4);(14,26)(1,2);(19,27)(1,1)-1000
(34,27)(1,1);(16,25)(3,5);(29,27)(1,1);(24,27)(1,1);(15,25)(1,4);(19,27)(2,1);(14,27)(1,1)-1000
(35,27)(1,1);(16,25)(3,5);(30,27)(1,1);(25,27)(1,1);(19,27)(3,1);(15,25)(1,4)-1000
(36,27)(1,1);(16,25)(3,5);(31,27)(1,1);(26,27)(1,1);(15,26)(1,3);(21,27)(1,1);(14,26)(1,3);(15,29)(1,1);(15,25)(1,1)-1000
(37,27)(1,1);(16,25)(3,5);(32,27)(1,1);(27,27)(1,1);(15,26)(1,3);(22,27)(1,1);(14,26)(1,3)-1000
(38,27)(1,1);(16,25)(3,5);(33,27)(1,1);(28,27)(1,1);(15,26)(1,3);(23,27)(1,1);(19,27)(1,1);(14,26)(1,2)-1000
(39,27)(1,1);(16,25)(3,5);(34,27)(1,1);(29,27)(1,1);(15,26)(1,3);(24,27)(1,1);(14,27)(1,1);(19,27)(1,1);(20,27)(1,1)-1000
(39,28)(1,1);(16,25)(3,5);(34,28)(1,1);(29,28)(1,1);(15,26)(1,3);(24,28)(1,1);(19,27)(3,1)-1000
(39,29)(1,1);(16,25)(3,5);(34,29)(1,1);(29,29)(1,1);(24,29)(1,1);(21,27)(1,1);(15,25)(1,5);(14,26)(1,2)-1000
(39,30)(1,1);(16,25)(3,5);(34,30)(1,1);(29,30)(1,1);(24,30)(1,1);(22,27)(1,1);(15,25)(1,5)-1000
(39,31)(1,1);(16,25)(3,5);(34,31)(1,1);(29,31)(1,1);(24,31)(1,1);(23,27)(1,1);(15,25)(1,4);(19,27)(1,1)-1000
(39,32)(1,1);(16,25)(3,5);(34,32)(1,1);(29,32)(1,1);(24,32)(1,1);(24,27)(1,1);(19,27)(2,1);(15,26)(1,3)-1000
(39,33)(1,1);(34,33)(1,1);(29,33)(1,1);(24,33)(1,1);(25,27)(1,1);(19,27)(3,1);(17,25)(2,5);(16,25)(1,4);(15,26)(1,3)-1000
(39,34)(1,1);(34,34)(1,1);(29,34)(1,1);(24,34)(1,1);(26,27)(1,1);(17,25)(2,5);(21,27)(1,1);(16,25)(1,5);(15,25)(1,4);(15,29)(1,1);(14,27)(1,1)-1000
(39,35)(1,1);(34,35)(1,1);(29,35)(1,1);(24,35)(1,1);(27,27)(1,1);(17,25)(2,5);(22,27)(1,1);(16,25)(1,5);(15,25)(1,4)-1000
(39,36)(1,1);(34,36)(1,1);(29,36)(1,1);(24,36)(1,1);(28,27)(1,1);(17,25)(2,5);(23,27)(1,1);(16,25)(1,5);(15,26)(1,3);(19,27)(1,1)-1000
(39,37)(1,1);(34,37)(1,1);(29,37)(1,1);(24,37)(1,1);(29,27)(1,1);(17,25)(2,5);(24,27)(1,1);(19,27)(2,1);(16,25)(1,4);(15,26)(1,3)-1000
(39,37)(1,1);(34,37)(1,1);(29,37)(1,1);(24,37)(1,1);(30,27)(1,1);(17,25)(2,5);(25,27)(1,1);(19,27)(3,1);(15,26)(2,3)-1000
(39,37)(1,1);(34,37)(1,1);(29,37)(1,1);(24,37)(1,1);(31,27)(1,1);(17,25)(2,5);(26,27)(1,1);(15,26)(2,3);(16,29)(1,1);(16,25)(1,1);(21,27)(1,1);(15,29)(1,1);(15,25)(1,1)-1000
(39,37)(1,1);(34,37)(1,1);(29,37)(1,1);(24,37)(1,1);(32,27)(1,1);(27,27)(1,1);(22,27)(1,1);(13,26)(6,3)-1000
(39,37)(1,1);(34,37)(1,1);(29,37)(1,1);(24,37)(1,1);(33,27)(1,1);(28,27)(1,1);(23,27)(1,1);(14,26)(5,3);(13,26)(1,2);(19,27)(1,1)-1000
(39,37)(1,1);(34,37)(1,1);(29,37)(1,1);(24,37)(1,1);(34,27)(1,1);(29,27)(1,1);(24,27)(1,1);(14,26)(5,3);(13,27)(1,1);(19,27)(2,1)-1000
(39,37)(1,1);(34,37)(1,1);(29,37)(1,1);(24,37)(1,1);(35,27)(1,1);(30,27)(1,1);(25,27)(1,1);(19,27)(3,1);(14,26)(5,3)-1000
(39,37)(1,1);(34,37)(1,1);(29,37)(1,1);(24,37)(1,1);(36,27)(1,1);(31,27)(1,1);(26,27)(1,1);(14,26)(5,3);(21,27)(1,1);(13,26)(1,2)-1000
(39,37)(1,1);(34,37)(1,1);(29,37)(1,1);(24,37)(1,1);(37,27)(1,1);(32,27)(1,1);(27,27)(1,1);(14,26)(5,3);(22,27)(1,1);(13,26)(1,2)-1000
(39,37)(1,1);(34,37)(1,1);(29,37)(1,1);(24,37)(1,1);(38,27)(1,1);(33,27)(1,1);(28,27)(1,1);(14,26)(5,3);(23,27)(1,1);(13,27)(1,1);(19,27)(1,1)-1000
(39,37)(1,1);(34,37)(1,1);(29,37)(1,1);(24,37)(1,1);(39,27)(1,1);(34,27)(1,1);(29,27)(1,1);(14,26)(5,3);(24,27)(1,1);(19,27)(2,1)-1000
(39,37)(1,1);(34,37)(1,1);(29,37)(1,1);(24,37)(1,1);(39,28)(1,1);(34,28)(1,1);(29,28)(1,1);(24,28)(1,1);(19,27)(3,1);(15,26)(4,3);(14,26)(1,2)-1000
(39,37)(1,1);(34,37)(1,1);(29,37)(1,1);(24,37)(1,1);(39,29)(1,1);(34,29)(1,1);(29,29)(1,1);(24,29)(1,1);(15,26)(4,3);(21,27)(1,1);(14,26)(1,3);(13,27)(1,1)-1000
(39,37)(1,1);(34,37)(1,1);(29,37)(1,1);(24,37)(1,1);(39,30)(1,1);(34,30)(1,1);(29,30)(1,1);(24,30)(1,1);(15,26)(4,3);(22,27)(1,1);(14,26)(1,3);(13,27)(1,1)-1000
(39,37)(1,1);(34,37)(1,1);(29,37)(1,1);(24,37)(1,1);(39,31)(1,1);(34,31)(1,1);(29,31)(1,1);(24,31)(1,1);(15,26)(4,3);(23,27)(1,1);(14,26)(1,3);(19,27)(1,1)-1000
(39,37)(1,1);(34,37)(1,1);(29,37)(1,1);(24,37)(1,1);(39,32)(1,1);(34,32)(1,1);(29,32)(1,1);(24,32)(1,1);(15,26)(4,3);(24,27)(1,1);(14,26)(1,2);(19,27)(2,1)-1000
(39,37)(1,1);(34,37)(1,1);(29,37)(1,1);(24,37)(1,1);(39,32)(1,1);(34,32)(1,1);(29,32)(1,1);(24,32)(1,1);(15,26)(4,3);(25,27)(1,1);(19,27)(3,1);(14,27)(1,1)-1000
(39,37)(1,1);(34,37)(1,1);(29,37)(1,1);(24,37)(1,1);(39,32)(1,1);(34,32)(1,1);(29,32)(1,1);(24,32)(1,1);(15,26)(4,3);(26,27)(1,1);(21,27)(1,1);(14,26)(1,3)-1000
(39,37)(1,1);(34,37)(1,1);(29,37)(1,1);(24,37)(1,1);(39,32)(1,1);(34,32)(1,1);(29,32)(1,1);(24,32)(1,1);(15,26)(4,3);(27,27)(1,1);(22,27)(1,1);(14,26)(1,3)-1000
(39,37)(1,1);(34,37)(1,1);(29,37)(1,1);(24,37)(1,1);(39,32)(1,1);(34,32)(1,1);(29,32)(1,1);(24,32)(1,1);(15,26)(4,3);(28,27)(1,1);(23,27)(1,1);(14,26)(1,2);(19,27)(1,1)-1000
(39,37)(1,1);(34,37)(1,1);(29,37)(1,1);(24,37)(1,1);(39,32)(1,1);(34,32)(1,1);(29,32)(1,1);(24,32)(1,1);(15,26)(4,3);(29,27)(1,1);(24,27)(1,1);(19,27)(2,1);(14,27)(1,1)-1000
(39,37)(1,1);(34,37)(1,1);(29,37)(1,1);(24,37)(1,1);(39,32)(1,1);(34,32)(1,1);(29,32)(1,1);(24,32)(1,1);(15,26)(4,3);(30,27)(1,1);(25,27)(1,1);(19,27)(3,1)-1000
(39,37)(1,1);(34,37)(1,1);(29,37)(1,1);(24,37)(1,1);(39,32)(1,1);(34,32)(1,1);(29,32)(1,1);(24,32)(1,1);(15,26)(4,3);(31,27)(1,1);(26,27)(1,1);(21,27)(1,1);(14,26)(1,2)-1000
(39,37)(1,1);(34,37)(1,1);(29,37)(1,1);(24,37)(1,1);(39,32)(1,1);(34,32)(1,1);(29,32)(1,1);(24,32)(1,1);(15,26)(4,3);(32,27)(1,1);(27,27)(1,1);(22,27)(1,1);(14,26)(1,2)-1000
(39,37)(1,1);(34,37)(1,1);(29,37)(1,1);(24,37)(1,1);(39,32)(1,1);(34,32)(1,1);(29,32)(1,1);(24,32)(1,1);(15,26)(4,3);(33,27)(1,1);(28,27)(1,1);(23,27)(1,1);(19,27)(1,1);(14,27)(1,1)-1000
(39,37)(1,1);(34,37)(1,1);(29,37)(1,1);(24,37)(1,1);(39,32)(1,1);(34,32)(1,1);(29,32)(1,1);(24,32)(1,1);(15,26)(4,3);(34,27)(1,1);(29,27)(1,1);(24,27)(1,1);(19,27)(2,1)-1000
(39,37)(1,1);(34,37)(1,1);(29,37)(1,1);(24,37)(1,1);(39,32)(1,1);(34,32)(1,1);(29,32)(1,1);(24,32)(1,1);(35,27)(1,1);(30,27)(1,1);(25,27)(1,1);(19,27)(3,1);(16,26)(3,3);(15,26)(1,2)-1000
(39,37)(1,1);(34,37)(1,1);(29,37)(1,1);(24,37)(1,1);(39,32)(1,1);(34,32)(1,1);(29,32)(1,1);(24,32)(1,1);(36,27)(1,1);(31,27)(1,1);(26,27)(1,1);(16,26)(3,3);(21,27)(1,1);(15,26)(1,3);(14,27)(1,1)-1000
(39,37)(1,1);(34,37)(1,1);(29,37)(1,1);(24,37)(1,1);(39,32)(1,1);(34,32)(1,1);(29,32)(1,1);(24,32)(1,1);(37,27)(1,1);(32,27)(1,1);(27,27)(1,1);(16,26)(3,3);(22,27)(1,1);(15,26)(1,3);(14,27)(1,1)-1000
(39,37)(1,1);(34,37)(1,1);(29,37)(1,1);(24,37)(1,1);(39,32)(1,1);(34,32)(1,1);(29,32)(1,1);(24,32)(1,1);(38,27)(1,1);(33,27)(1,1);(28,27)(1,1);(16,26)(3,3);(23,27)(1,1);(15,26)(1,3);(19,27)(1,1)-1000
(39,37)(1,1);(34,37)(1,1);(29,37)(1,1);(24,37)(1,1);(39,32)(1,1);(34,32)(1,1);(29,32)(1,1);(24,32)(1,1);(39,27)(1,1);(34,27)(1,1);(29,27)(1,1);(16,26)(3,3);(24,27)(1,1);(15,26)(1,2);(19,27)(2,1)-1000
(39,37)(1,1);(34,37)(1,1);(29,37)(1,1);(24,37)(1,1);(39,32)(1,1);(34,32)(1,1);(29,32)(1,1);(24,32)(1,1);(39,26)(1,1);(34,26)(1,1);(29,26)(1,1);(16,26)(3,3);(24,26)(1,1);(19,27)(3,1);(15,27)(1,1)-1000
(39,37)(1,1);(34,37)(1,1);(29,37)(1,1);(24,37)(1,1);(39,32)(1,1);(34,32)(1,1);(29,32)(1,1);(24,32)(1,1);(39,25)(1,1);(34,25)(1,1);(29,25)(1,1);(16,26)(3,3);(24,25)(1,1);(15,26)(1,3);(21,27)(1,1)-1000
(39,37)(1,1);(34,37)(1,1);(29,37)(1,1);(24,37)(1,1);(39,32)(1,1);(34,32)(1,1);(29,32)(1,1);(24,32)(1,1);(39,24)(1,1);(34,24)(1,1);(29,24)(1,1);(16,26)(3,3);(24,24)(1,1);(15,26)(1,3);(22,27)(1,1)-1000
(39,37)(1,1);(34,37)(1,1);(29,37)(1,1);(24,37)(1,1);(39,32)(1,1);(34,32)(1,1);(29,32)(1,1);(24,32)(1,1);(39,23)(1,1);(34,23)(1,1);(29,23)(1,1);(16,26)(3,3);(24,23)(1,1);(23,27)(1,1);(19,27)(1,1);(15,26)(1,2)-1000
(39,37)(1,1);(34,37)(1,1);(29,37)(1,1);(24,37)(1,1);(39,32)(1,1);(34,32)(1,1);(29,32)(1,1);(24,32)(1,1);(39,22)(1,1);(34,22)(1,1);(29,22)(1,1);(16,26)(3,3);(24,22)(1,1);(24,27)(1,1);(19,27)(2,1);(15,27)(1,1)-1000
(39,37)(1,1);(34,37)(1,1);(29,37)(1,1);(24,37)(1,1);(39,32)(1,1);(34,32)(1,1);(29,32)(1,1);(24,32)(1,1);(39,22)(1,1);(34,22)(1,1);(29,22)(1,1);(16,26)(3,3);(24,22)(1,1);(25,27)(1,1);(19,27)(3,1)-1000
(39,37)(1,1);(34,37)(1,1);(29,37)(1,1);(24,37)(1,1);(39,32)(1,1);(34,32)(1,1);(29,32)(1,1);(24,32)(1,1);(39,22)(1,1);(34,22)(1,1);(29,22)(1,1);(16,26)(3,3);(24,22)(1,1);(26,27)(1,1);(21,27)(1,1);(15,26)(1,2)-1000
(39,37)(1,1);(34,37)(1,1);(29,37)(1,1);(24,37)(1,1);(39,32)(1,1);(34,32)(1,1);(29,32)(1,1);(24,32)(1,1);(39,22)(1,1);(34,22)(1,1);(29,22)(1,1);(16,26)(3,3);(24,22)(1,1);(27,27)(1,1);(22,27)(1,1);(15,26)(1,2)-1000
(39,37)(1,1);(34,37)(1,1);(29,37)(1,1);(24,37)(1,1);(39,32)(1,1);(34,32)(1,1);(29,32)(1,1);(24,32)(1,1);(39,22)(1,1);(34,22)(1,1);(29,22)(1,1);(16,26)(3,3);(24,22)(1,1);(28,27)(1,1);(23,27)(1,1);(15,27)(1,1);(19,27)(1,1)-1000
(39,37)(1,1);(34,37)(1,1);(29,37)(1,1);(24,37)(1,1);(39,32)(1,1);(34,32)(1,1);(29,32)(1,1);(24,32)(1,1);(39,22)(1,1);(34,22)(1,1);(29,22)(1,1);(16,26)(3,3);(24,22)(1,1);(29,27)(1,1);(24,27)(1,1);(19,27)(2,1)-1000
(39,37)(1,1);(34,37)(1,1);(29,37)(1,1);(24,37)(1,1);(39,32)(1,1);(34,32)(1,1);(29,32)(1,1);(24,32)(1,1);(39,22)(1,1);(34,22)(1,1);(29,22)(1,1);(24,22)(1,1);(30,27)(1,1);(25,27)(1,1);(19,27)(3,1);(17,26)(2,3);(16,26)(1,2)-1000
(39,37)(1,1);(34,37)(1,1);(29,37)(1,1);(24,37)(1,1);(39,32)(1,1);(34,32)(1,1);(29,32)(1,1);(24,32)(1,1);(39,22)(1,1);(34,22)(1,1);(29,22)(1,1);(24,22)(1,1);(31,27)(1,1);(26,27)(1,1);(17,26)(2,3);(21,27)(1,1);(16,26)(1,3);(15,27)(1,1)-1000
(39,37)(1,1);(34,37)(1,1);(29,37)(1,1);(24,37)(1,1);(39,32)(1,1);(34,32)(1,1);(29,32)(1,1);(24,32)(1,1);(39,22)(1,1);(34,22)(1,1);(29,22)(1,1);(24,22)(1,1);(32,27)(1,1);(27,27)(1,1);(17,26)(2,3);(22,27)(1,1);(16,26)(1,3);(15,27)(1,1)-1000
(39,37)(1,1);(34,37)(1,1);(29,37)(1,1);(24,37)(1,1);(39,32)(1,1);(34,32)(1,1);(29,32)(1,1);(24,32)(1,1);(39,22)(1,1);(34,22)(1,1);(29,22)(1,1);(24,22)(1,1);(33,27)(1,1);(28,27)(1,1);(17,26)(2,3);(23,27)(1,1);(16,26)(1,3);(19,27)(1,1)-1000
(39,37)(1,1);(34,37)(1,1);(29,37)(1,1);(24,37)(1,1);(39,32)(1,1);(34,32)(1,1);(29,32)(1,1);(24,32)(1,1);(39,22)(1,1);(34,22)(1,1);(29,22)(1,1);(24,22)(1,1);(34,27)(1,1);(29,27)(1,1);(17,26)(2,3);(24,27)(1,1);(16,27)(1,1);(19,27)(2,1)-1000
(39,37)(1,1);(34,37)(1,1);(29,37)(1,1);(24,37)(1,1);(39,32)(1,1);(34,32)(1,1);(29,32)(1,1);(24,32)(1,1);(39,22)(1,1);(34,22)(1,1);(29,22)(1,1);(24,22)(1,1);(35,27)(1,1);(30,27)(1,1);(17,26)(2,3);(25,27)(1,1);(19,27)(3,1)-1000
(39,37)(1,1);(34,37)(1,1);(29,37)(1,1);(24,37)(1,1);(39,32)(1,1);(34,32)(1,1);(29,32)(1,1);(24,32)(1,1);(39,22)(1,1);(34,22)(1,1);(29,22)(1,1);(24,22)(1,1);(36,27)(1,1);(31,27)(1,1);(17,26)(2,3);(26,27)(1,1);(21,27)(1,1);(16,26)(1,3)-1000
(39,37)(1,1);(34,37)(1,1);(29,37)(1,1);(24,37)(1,1);(39,32)(1,1);(34,32)(1,1);(29,32)(1,1);(24,32)(1,1);(39,22)(1,1);(34,22)(1,1);(29,22)(1,1);(24,22)(1,1);(37,27)(1,1);(32,27)(1,1);(17,26)(2,3);(27,27)(1,1);(22,27)(1,1);(16,26)(1,3)-1000
