(4,11)(5,5)-1000
(5,11)(4,5);(9,13)(1,1);(4,11)(1,4)-1000
(5,11)(4,5);(9,13)(1,1);(10,13)(1,1);(4,12)(1,3)-1000
(9,13)(3,1);(4,12)(1,3);(5,11)(1,4);(6,11)(3,5)-1000
(11,13)(1,1);(5,11)(4,5);(4,11)(1,4);(4,15)(1,1);(3,13)(1,1)-1000
(12,13)(1,1);(5,11)(4,5);(4,11)(1,4)-1000
(13,13)(1,1);(5,11)(4,5);(4,12)(1,3);(9,13)(1,1)-1000
(14,13)(1,1);(4,12)(1,3);(9,13)(1,1);(6,11)(3,5);(5,11)(1,4);(10,13)(1,1)-1000
(15,13)(1,1);(9,13)(3,1);(6,11)(3,5);(4,12)(2,3)-1000
(16,13)(1,1);(6,11)(3,5);(4,12)(2,3);(5,15)(1,1);(5,11)(1,1);(11,13)(1,1);(4,15)(1,1);(4,11)(1,1)-1000
(17,13)(1,1);(6,11)(3,5);(4,12)(2,3);(5,15)(1,1);(5,11)(1,1);(12,13)(1,1)-1000
