(45,45)(15,15)-1000
(45,48)(15,12);(51,60)(3,3);(48,45)(12,3)-1000
(45,48)(15,12);(51,60)(3,3);(51,63)(3,3);(48,45)(9,3)-1000
(51,60)(3,9);(48,45)(9,3);(48,48)(12,3);(45,51)(15,9)-1000
(51,66)(3,3);(45,48)(15,12);(48,45)(12,3);(45,45)(3,3);(51,42)(3,3)-1000
(51,69)(3,3);(45,48)(15,12);(48,45)(12,3)-1000
(51,70)(3,3);(45,49)(15,12);(48,46)(12,3)-1000
(51,71)(3,3);(45,50)(15,12);(48,47)(12,3)-1000
(51,72)(3,3);(45,51)(15,12);(48,48)(12,3)-1000
(52,72)(3,3);(45,52)(15,12);(49,48)(12,3)-1000
(53,72)(3,3);(45,53)(15,12);(50,48)(12,3)-1000
(54,72)(3,3);(45,54)(15,12);(51,48)(12,3)-1000
(54,71)(3,3);(45,55)(15,12);(52,48)(12,3)-1000
(54,70)(3,3);(45,56)(15,12);(53,48)(12,3)-1000
(54,69)(3,3);(45,57)(15,12);(54,48)(12,3)-1000
(53,69)(3,3);(45,58)(15,12);(55,48)(12,3)-1000
(52,69)(3,3);(45,59)(15,12);(56,48)(12,3)-1000
(51,69)(3,3);(45,60)(15,12);(57,48)(12,3)-1000
(51,70)(3,3);(46,60)(15,12);(58,48)(12,3)-1000
(51,71)(3,3);(47,60)(15,12);(59,48)(12,3)-1000
(51,72)(3,3);(48,60)(15,12);(60,48)(12,3)-1000
(52,72)(3,3);(49,60)(15,12);(60,47)(12,3)-1000
(53,72)(3,3);(50,60)(15,12);(60,46)(12,3)-1000
(54,72)(3,3);(51,60)(15,12);(60,45)(12,3)-1000
(54,71)(3,3);(52,60)(15,12);(59,45)(12,3)-1000
(54,70)(3,3);(53,60)(15,12);(58,45)(12,3)-1000
(54,69)(3,3);(54,60)(15,12);(57,45)(12,3)-1000
(53,69)(3,3);(55,60)(15,12);(56,45)(12,3)-1000
(52,69)(3,3);(56,60)(15,12);(55,45)(12,3)-1000
(51,69)(3,3);(57,60)(15,12);(54,45)(12,3)-1000
(51,70)(3,3);(58,60)(15,12);(53,45)(12,3)-1000
(51,71)(3,3);(59,60)(15,12);(52,45)(12,3)-1000
(51,72)(3,3);(60,60)(15,12);(51,45)(12,3)-1000
(52,72)(3,3);(60,59)(15,12);(50,45)(12,3)-1000
(53,72)(3,3);(60,58)(15,12);(49,45)(12,3)-1000
(54,72)(3,3);(60,57)(15,12);(48,45)(12,3)-1000
(54,71)(3,3);(60,56)(15,12);(48,46)(12,3)-1000
(54,70)(3,3);(60,55)(15,12);(48,47)(12,3)-1000
(54,69)(3,3);(60,54)(15,12);(48,48)(12,3)-1000
(53,69)(3,3);(60,53)(15,12);(49,48)(12,3)-1000
(52,69)(3,3);(60,52)(15,12);(50,48)(12,3)-1000
(51,69)(3,3);(60,51)(15,12);(51,48)(12,3)-1000
(51,70)(3,3);(60,50)(15,12);(52,48)(12,3)-1000
(51,71)(3,3);(60,49)(15,12);(53,48)(12,3)-1000
(51,72)(3,3);(60,48)(15,12);(54,48)(12,3)-1000
(52,72)(3,3);(59,48)(15,12);(55,48)(12,3)-1000
(53,72)(3,3);(58,48)(15,12);(56,48)(12,3)-1000
(54,72)(3,3);(57,48)(15,12);(57,48)(12,3)-1000
(54,71)(3,3);(56,48)(15,12);(58,48)(12,3)-1000
(54,70)(3,3);(55,48)(15,12);(59,48)(12,3)-1000
(54,69)(3,3);(54,48)(15,12);(60,48)(12,3)-1000
(53,69)(3,3);(53,48)(15,12);(60,47)(12,3)-1000
(52,69)(3,3);(52,48)(15,12);(60,46)(12,3)-1000
(51,69)(3,3);(51,48)(15,12);(60,45)(12,3)-1000
(50,48)(15,12);(59,45)(12,3)-1000
(49,48)(15,12);(58,45)(12,3)-1000
(48,48)(15,12);(57,45)(12,3)-1000
(47,48)(15,12);(56,45)(12,3)-1000
(46,48)(15,12);(55,45)(12,3)-1000
(45,48)(15,12);(54,45)(12,3)-1000
(45,49)(15,12);(53,45)(12,3)-1000
(45,50)(15,12);(52,45)(12,3)-1000
(45,51)(15,12);(51,45)(12,3)-1000
(45,52)(15,12);(50,45)(12,3)-1000
(45,53)(15,12);(49,45)(12,3)-1000
(45,54)(15,12);(48,45)(12,3)-1000
(45,55)(15,12);(48,46)(12,3)-1000
(45,56)(15,12);(48,47)(12,3)-1000
(45,57)(15,12);(48,48)(12,3)-1000
(45,58)(15,12);(49,48)(12,3)-1000
(45,59)(15,12);(50,48)(12,3)-1000
(45,60)(15,12);(51,48)(12,3)-1000
(46,60)(15,12);(52,48)(12,3)-1000
(47,60)(15,12);(53,48)(12,3)-1000
(48,60)(15,12);(54,48)(12,3)-1000
(49,60)(15,12);(55,48)(12,3)-1000
(50,60)(15,12);(56,48)(12,3)-1000
(51,60)(15,12);(57,48)(12,3)-1000
(52,60)(15,12);(58,48)(12,3)-1000
(53,60)(15,12);(59,48)(12,3)-1000
(54,60)(15,12);(60,48)(12,3)-1000
(55,60)(15,12);(60,47)(12,3)-1000
(56,60)(15,12);(60,46)(12,3)-1000
(57,60)(15,12);(60,45)(12,3)-1000
(58,60)(15,12);(59,45)(12,3)-1000
(59,60)(15,12);(58,45)(12,3)-1000
(60,60)(15,12);(57,45)(12,3)-1000
(60,59)(15,12);(56,45)(12,3)-1000
(60,58)(15,12);(55,45)(12,3)-1000
(60,57)(15,12);(54,45)(12,3)-1000
(60,56)(15,12);(53,45)(12,3)-1000
(60,55)(15,12);(52,45)(12,3)-1000
(60,54)(15,12);(51,45)(12,3)-1000
(60,53)(15,12);(50,45)(12,3)-1000
(60,52)(15,12);(49,45)(12,3)-1000
(60,51)(15,12);(48,45)(12,3)-1000
(60,50)(15,12);(48,46)(12,3)-1000
(60,49)(15,12);(48,47)(12,3)-1000
(60,48)(15,12);(48,48)(12,3)-1000
(59,48)(15,12);(49,48)(12,3)-1000
(58,48)(15,12);(50,48)(12,3)-1000
(57,48)(15,12);(51,48)(12,3)-1000
(56,48)(15,12);(52,48)(12,3)-1000
(55,48)(15,12);(53,48)(12,3)-1000
(54,48)(15,12);(54,48)(12,3)-1000
(53,48)(15,12);(55,48)(12,3)-1000
(52,48)(15,12);(56,48)(12,3)-1000
(51,48)(15,12);(57,48)(12,3)-1000
(50,48)(15,12);(58,48)(12,3)-1000
(49,48)(15,12);(59,48)(12,3)-1000
(48,48)(15,12);(60,48)(12,3)-1000
(47,48)(15,12);(60,47)(12,3)-1000
(46,48)(15,12);(60,46)(12,3)-1000
(45,48)(15,12);(60,45)(12,3)-1000
(45,49)(15,12);(59,45)(12,3)-1000
(45,50)(15,12);(58,45)(12,3)-1000
(45,51)(15,12);(57,45)(12,3)-1000
(45,52)(15,12);(56,45)(12,3)-1000
(45,53)(15,12);(55,45)(12,3)-1000
(45,54)(15,12);(54,45)(12,3)-1000
(45,55)(15,12);(53,45)(12,3)-1000
(45,56)(15,12);(52,45)(12,3)-1000
(45,57)(15,12);(51,45)(12,3)-1000
(45,58)(15,12);(50,45)(12,3)-1000
(45,59)(15,12);(49,45)(12,3)-1000
(45,60)(15,12);(48,45)(12,3)-1000
(46,60)(15,12)-1000
(47,60)(15,12)-1000
(48,60)(15,12)-1000
(49,60)(15,12)-1000
(50,60)(15,12)-1000
(51,60)(15,12)-1000
(52,60)(15,12)-1000
(53,60)(15,12)-1000
(54,60)(15,12)-1000
(55,60)(15,12)-1000
(56,60)(15,12)-1000
(57,60)(15,12)-1000
(58,60)(15,12)-1000
(59,60)(15,12)-1000
(60,60)(15,12)-1000
(60,59)(15,12)-1000
(60,58)(15,12)-1000
(60,57)(15,12)-1000
(60,56)(15,12)-1000
(60,55)(15,12)-1000
(60,54)(15,12)-1000
(60,53)(15,12)-1000
(60,52)(15,12)-1000
(60,51)(15,12)-1000
(60,50)(15,12)-1000
(60,49)(15,12)-1000
(60,48)(15,12)-1000
(59,48)(15,12)-1000
(58,48)(15,12)-1000
(57,48)(15,12)-1000
(56,48)(15,12)-1000
(55,48)(15,12)-1000
(54,48)(15,12)-1000
(53,48)(15,12)-1000
(52,48)(15,12)-1000
(51,48)(15,12)-1000
(50,48)(15,12)-1000
(49,48)(15,12)-1000
(48,48)(15,12)-1000
(47,48)(15,12)-1000
(46,48)(15,12)-1000
(45,48)(15,12)-1000
(45,49)(15,12)-1000
(45,50)(15,12)-1000
(45,51)(15,12)-1000
(45,52)(15,12)-1000
(45,53)(15,12)-1000
(45,54)(15,12)-1000
(45,55)(15,12)-1000
(45,56)(15,12)-1000
(45,57)(15,12)-1000
(45,58)(15,12)-1000
(45,59)(15,12)-1000
(45,60)(15,12)-1000
(46,60)(15,12)-1000
(47,60)(15,12)-1000
(48,60)(15,12)-1000
(49,60)(15,12)-1000
(50,60)(15,12)-1000
(51,60)(15,12)-1000
(52,60)(15,12)-1000
(53,60)(15,12)-1000
(54,60)(15,12)-1000
(55,60)(15,12)-1000
(56,60)(15,12)-1000
(57,60)(15,12)-1000
(58,60)(15,12)-1000
(59,60)(15,12)-1000
(60,60)(15,12)-1000
(60,59)(15,12)-1000
(60,58)(15,12)-1000
(60,57)(15,12)-1000
(60,56)(15,12)-1000
(60,55)(15,12)-1000
(60,54)(15,12)-1000
(60,53)(15,12)-1000
(60,52)(15,12)-1000
(60,51)(15,12)-1000
(60,50)(15,12)-1000
(60,49)(15,12)-1000
(60,48)(15,12)-1000
(59,48)(15,12)-1000
(58,48)(15,12)-1000
(57,48)(15,12)-1000
(56,48)(15,12)-1000
(55,48)(15,12)-1000
(54,48)(15,12)-1000
(53,48)(15,12)-1000
(52,48)(15,12)-1000
(51,48)(15,12)-1000
(50,48)(15,12)-1000
(49,48)(15,12)-1000
(48,48)(15,12)-1000
(47,48)(15,12)-1000
(46,48)(15,12)-1000
(45,48)(15,12)-1000
(46,48)(15,12)-1000
(47,48)(15,12)-1000
(48,48)(15,12)-1000
(49,48)(15,12)-1000
(50,48)(15,12)-1000
(51,48)(15,12)-1000
(52,48)(15,12)-1000
(53,48)(15,12)-1000
(54,48)(15,12)-1000
(55,48)(15,12)-1000
(56,48)(15,12)-1000
(57,48)(15,12)-1000
(58,48)(15,12)-1000
(59,48)(15,12)-1000
(60,48)(15,12)-1000
