(8,22)(10,10)-1000
(10,22)(8,10);(18,26)(2,2);(8,22)(2,8)-1000
(10,22)(8,10);(18,26)(2,2);(20,26)(2,2);(8,24)(2,6)-1000
(18,26)(6,2);(8,24)(2,6);(10,22)(2,8);(12,22)(6,10)-1000
(22,26)(2,2);(10,22)(8,10);(8,22)(2,8);(8,30)(2,2);(6,26)(2,2)-1000
(24,26)(2,2);(10,22)(8,10);(8,22)(2,8)-1000
(24,27)(2,2);(10,23)(8,10);(8,23)(2,8)-1000
(24,28)(2,2);(10,24)(8,10);(8,24)(2,8)-1000
(24,29)(2,2);(10,25)(8,10);(8,25)(2,8)-1000
(24,30)(2,2);(10,26)(8,10);(8,26)(2,8)-1000
(24,31)(2,2);(10,27)(8,10);(8,27)(2,8)-1000
(24,32)(2,2);(10,28)(8,10);(8,28)(2,8)-1000
(24,33)(2,2);(10,29)(8,10);(8,29)(2,8)-1000
(24,34)(2,2);(10,30)(8,10);(8,30)(2,8)-1000
(24,35)(2,2);(10,31)(8,10);(8,31)(2,8)-1000
(24,36)(2,2);(10,32)(8,10);(8,32)(2,8)-1000
(24,37)(2,2);(10,33)(8,10);(8,33)(2,8)-1000
(24,38)(2,2);(10,34)(8,10);(8,34)(2,8)-1000
(25,38)(2,2);(10,35)(8,10);(8,35)(2,8)-1000
(26,38)(2,2);(10,36)(8,10);(8,36)(2,8)-1000
(26,37)(2,2);(10,37)(8,10);(8,37)(2,8)-1000
(26,36)(2,2);(10,38)(8,10);(8,38)(2,8)-1000
(25,36)(2,2);(10,39)(8,10);(8,39)(2,8)-1000
(24,36)(2,2);(10,40)(8,10);(8,40)(2,8)-1000
(24,37)(2,2);(10,41)(8,10);(9,40)(2,8)-1000
(24,38)(2,2);(10,42)(8,10);(10,40)(2,8)-1000
(25,38)(2,2);(11,42)(8,10);(10,39)(2,8)-1000
(26,38)(2,2);(12,42)(8,10);(10,38)(2,8)-1000
(26,37)(2,2);(13,42)(8,10);(10,37)(2,8)-1000
(26,36)(2,2);(14,42)(8,10);(10,36)(2,8)-1000
(25,36)(2,2);(15,42)(8,10);(10,35)(2,8)-1000
(24,36)(2,2);(16,42)(8,10);(10,34)(2,8)-1000
(24,37)(2,2);(17,42)(8,10);(10,33)(2,8)-1000
(24,38)(2,2);(18,42)(8,10);(10,32)(2,8)-1000
(25,38)(2,2);(18,41)(8,10);(9,32)(2,8)-1000
(26,38)(2,2);(18,40)(8,10);(8,32)(2,8)-1000
(26,37)(2,2);(18,39)(8,10);(8,33)(2,8)-1000
(26,36)(2,2);(18,38)(8,10);(8,34)(2,8)-1000
(25,36)(2,2);(18,37)(8,10);(8,35)(2,8)-1000
(24,36)(2,2);(18,36)(8,10);(8,36)(2,8)-1000
(18,35)(8,10);(8,37)(2,8)-1000
(18,34)(8,10);(8,38)(2,8)-1000
(18,33)(8,10);(8,39)(2,8)-1000
(18,32)(8,10);(8,40)(2,8)-1000
(17,32)(8,10);(9,40)(2,8)-1000
(16,32)(8,10);(10,40)(2,8)-1000
(15,32)(8,10);(10,39)(2,8)-1000
(14,32)(8,10);(10,38)(2,8)-1000
(13,32)(8,10);(10,37)(2,8)-1000
(12,32)(8,10);(10,36)(2,8)-1000
(11,32)(8,10);(10,35)(2,8)-1000
(10,32)(8,10);(10,34)(2,8)-1000
(10,33)(8,10);(10,33)(2,8)-1000
(10,34)(8,10);(10,32)(2,8)-1000
(10,35)(8,10);(9,32)(2,8)-1000
(10,36)(8,10);(8,32)(2,8)-1000
(10,37)(8,10);(8,33)(2,8)-1000
(10,38)(8,10);(8,34)(2,8)-1000
(10,39)(8,10);(8,35)(2,8)-1000
(10,40)(8,10);(8,36)(2,8)-1000
(10,41)(8,10);(8,37)(2,8)-1000
(10,42)(8,10);(8,38)(2,8)-1000
(11,42)(8,10);(8,39)(2,8)-1000
(12,42)(8,10);(8,40)(2,8)-1000
(13,42)(8,10);(9,40)(2,8)-1000
(14,42)(8,10);(10,40)(2,8)-1000
(15,42)(8,10);(10,39)(2,8)-1000
(16,42)(8,10);(10,38)(2,8)-1000
(17,42)(8,10);(10,37)(2,8)-1000
(18,42)(8,10);(10,36)(2,8)-1000
(18,41)(8,10);(10,35)(2,8)-1000
(18,40)(8,10);(10,34)(2,8)-1000
(18,39)(8,10);(10,33)(2,8)-1000
(18,38)(8,10);(10,32)(2,8)-1000
(18,37)(8,10);(9,32)(2,8)-1000
(18,36)(8,10);(8,32)(2,8)-1000
(18,35)(8,10)-1000
(18,34)(8,10)-1000
(18,33)(8,10)-1000
(18,32)(8,10)-1000
(17,32)(8,10)-1000
(16,32)(8,10)-1000
(15,32)(8,10)-1000
(14,32)(8,10)-1000
(13,32)(8,10)-1000
(12,32)(8,10)-1000
(11,32)(8,10)-1000
(10,32)(8,10)-1000
(10,33)(8,10)-1000
(10,34)(8,10)-1000
(10,35)(8,10)-1000
(10,36)(8,10)-1000
(10,37)(8,10)-1000
(10,38)(8,10)-1000
(10,39)(8,10)-1000
(10,40)(8,10)-1000
(10,41)(8,10)-1000
(10,42)(8,10)-1000
(11,42)(8,10)-1000
(12,42)(8,10)-1000
(13,42)(8,10)-1000
(14,42)(8,10)-1000
(15,42)(8,10)-1000
(16,42)(8,10)-1000
(17,42)(8,10)-1000
(18,42)(8,10)-1000
(18,41)(8,10)-1000
(18,40)(8,10)-1000
(18,39)(8,10)-1000
(18,38)(8,10)-1000
(18,37)(8,10)-1000
(18,36)(8,10)-1000
(18,35)(8,10)-1000
(18,34)(8,10)-1000
(18,33)(8,10)-1000
(18,32)(8,10)-1000
(17,32)(8,10)-1000
(16,32)(8,10)-1000
(15,32)(8,10)-1000
(14,32)(8,10)-1000
(13,32)(8,10)-1000
(12,32)(8,10)-1000
(11,32)(8,10)-1000
(10,32)(8,10)-1000
