(13,21)(1,2);(5,5)(10,10)-1000
(13,21)(1,2);(5,7)(10,8);(9,15)(2,2);(7,5)(8,2)-1000
(13,21)(1,2);(5,7)(10,8);(9,15)(2,2);(9,17)(2,2);(7,5)(6,2)-1000
(13,21)(1,2);(9,15)(2,6);(7,5)(6,2);(7,7)(8,2);(5,9)(10,6)-1000
(13,21)(1,2);(9,19)(2,2);(5,7)(10,8);(7,5)(8,2);(5,5)(2,2);(9,3)(2,2)-1000
(13,21)(1,2);(9,21)(2,2);(5,7)(10,8);(7,5)(8,2)-1000
(10,21)(2,2);(12,21)(1,2);(5,8)(10,8);(13,20)(1,2);(7,6)(8,2);(13,20)(1,2)-1000
(10,21)(3,2);(5,9)(10,8);(13,19)(1,2);(7,7)(8,2);(13,19)(1,2)-1000
(5,10)(10,8);(13,18)(1,2);(7,8)(8,2);(13,18)(1,2)-1000
(6,10)(9,10);(7,9)(8,2);(13,17)(1,2)-1000
(7,10)(8,2);(13,16)(1,2)-1000
(7,11)(8,2);(13,15)(1,2)-1000
(7,12)(8,2);(13,14)(1,2)-1000
(9,12)(4,5)-1000
(9,13)(4,5)-1000
(9,14)(4,5)-1000
(9,15)(4,5)-1000
(9,16)(4,5)-1000
(9,17)(4,5)-1000
(10,17)(4,5)-1000
(11,17)(4,5)-1000
(12,17)(4,5)-1000
(13,17)(4,5)-1000
(13,16)(4,5)-1000
(13,15)(4,5)-1000
(13,14)(4,5)-1000
(13,13)(4,5)-1000
(13,12)(4,5)-1000
(12,12)(4,5)-1000
(11,12)(4,5)-1000
(10,12)(4,5)-1000
(9,12)(4,5)-1000
(9,13)(4,5)-1000
(9,14)(4,5)-1000
(9,15)(4,5)-1000
(9,16)(4,5)-1000
(9,17)(4,5)-1000
(10,17)(4,5)-1000
(11,17)(4,5)-1000
(12,17)(4,5)-1000
(13,17)(4,5)-1000
(13,16)(4,5)-1000
(13,15)(4,5)-1000
(13,14)(4,5)-1000
(13,13)(4,5)-1000
(13,12)(4,5)-1000
(12,12)(4,5)-1000
(11,12)(4,5)-1000
(10,12)(4,5)-1000
(9,12)(4,5)-1000
(9,13)(4,5)-1000
(9,14)(4,5)-1000
(9,15)(4,5)-1000
(9,16)(4,5)-1000
(9,17)(4,5)-1000
(10,17)(4,5)-1000
(11,17)(4,5)-1000
(12,17)(4,5)-1000
(13,17)(4,5)-1000
(13,16)(4,5)-1000
(13,15)(4,5)-1000
(13,14)(4,5)-1000
(13,13)(4,5)-1000
(13,12)(4,5)-1000
(12,12)(4,5)-1000
(11,12)(4,5)-1000
(10,12)(4,5)-1000
(9,12)(4,5)-1000
