(8,22)(10,10);(8,42)(10,10)-1000
(10,22)(8,10);(18,26)(2,2);(8,22)(2,8);(10,42)(8,10);(18,46)(2,2);(8,42)(2,8)-1000
(10,22)(8,10);(18,26)(2,2);(20,26)(2,2);(8,24)(2,6);(10,42)(8,10);(18,46)(2,2);(20,46)(2,2);(8,44)(2,6)-1000
(18,26)(6,2);(8,24)(2,6);(10,22)(2,8);(12,22)(6,10);(18,46)(6,2);(8,44)(2,6);(10,42)(2,8);(12,42)(6,10)-1000
(22,26)(2,2);(10,22)(8,10);(8,22)(2,8);(8,30)(2,2);(6,26)(2,2);(22,46)(2,2);(10,42)(8,10);(8,42)(2,8);(8,50)(2,2);(6,46)(2,2)-1000
(24,26)(2,2);(10,22)(8,10);(8,22)(2,8);(24,46)(2,2);(10,42)(8,10);(8,42)(2,8)-1000
(26,26)(2,2);(10,22)(8,10);(8,24)(2,6);(18,26)(2,2);(26,46)(2,2);(10,42)(8,10);(8,44)(2,6);(18,46)(2,2)-1000
(28,26)(2,2);(8,24)(2,6);(18,26)(2,2);(12,22)(6,10);(10,22)(2,8);(20,26)(2,2);(28,46)(2,2);(8,44)(2,6);(18,46)(2,2);(12,42)(6,10);(10,42)(2,8);(20,46)(2,2)-1000
(30,26)(2,2);(18,26)(6,2);(12,22)(6,10);(8,24)(4,6);(30,46)(2,2);(18,46)(6,2);(12,42)(6,10);(8,44)(4,6)-1000
(32,26)(2,2);(12,22)(6,10);(8,24)(4,6);(10,30)(2,2);(10,22)(2,2);(22,26)(2,2);(8,30)(2,2);(8,22)(2,2);(32,46)(2,2);(12,42)(6,10);(8,44)(4,6);(10,50)(2,2);(10,42)(2,2);(22,46)(2,2);(8,50)(2,2);(8,42)(2,2)-1000
(34,26)(2,2);(12,22)(6,10);(8,24)(4,6);(10,30)(2,2);(10,22)(2,2);(24,26)(2,2);(34,46)(2,2);(12,42)(6,10);(8,44)(4,6);(10,50)(2,2);(10,42)(2,2);(24,46)(2,2)-1000
(36,26)(2,2);(12,22)(6,10);(10,30)(2,2);(10,22)(2,2);(26,26)(2,2);(10,24)(2,6);(8,24)(2,4);(18,26)(2,2);(36,46)(2,2);(12,42)(6,10);(10,50)(2,2);(10,42)(2,2);(26,46)(2,2);(10,44)(2,6);(8,44)(2,4);(18,46)(2,2)-1000
(38,26)(2,2);(12,22)(6,10);(10,30)(2,2);(10,22)(2,2);(28,26)(2,2);(18,26)(4,2);(10,24)(2,6);(8,26)(2,2);(38,46)(2,2);(12,42)(6,10);(10,50)(2,2);(10,42)(2,2);(28,46)(2,2);(18,46)(4,2);(10,44)(2,6);(8,46)(2,2)-1000
(40,26)(2,2);(12,22)(6,10);(30,26)(2,2);(10,22)(2,10);(18,26)(6,2);(40,46)(2,2);(12,42)(6,10);(30,46)(2,2);(10,42)(2,10);(18,46)(6,2)-1000
(42,26)(2,2);(12,22)(6,10);(32,26)(2,2);(22,26)(2,2);(10,22)(2,8);(8,24)(2,6);(10,30)(2,2);(6,26)(2,2);(42,46)(2,2);(12,42)(6,10);(32,46)(2,2);(22,46)(2,2);(10,42)(2,8);(8,44)(2,6);(10,50)(2,2);(6,46)(2,2)-1000
(44,26)(2,2);(12,22)(6,10);(34,26)(2,2);(24,26)(2,2);(10,22)(2,8);(8,24)(2,6);(44,46)(2,2);(12,42)(6,10);(34,46)(2,2);(24,46)(2,2);(10,42)(2,8);(8,44)(2,6)-1000
(46,26)(2,2);(12,22)(6,10);(36,26)(2,2);(26,26)(2,2);(10,22)(2,8);(8,24)(2,4);(18,26)(2,2);(46,46)(2,2);(12,42)(6,10);(36,46)(2,2);(26,46)(2,2);(10,42)(2,8);(8,44)(2,4);(18,46)(2,2)-1000
(48,26)(2,2);(12,22)(6,10);(38,26)(2,2);(28,26)(2,2);(10,22)(2,8);(18,26)(4,2);(8,26)(2,2);(48,46)(2,2);(12,42)(6,10);(38,46)(2,2);(28,46)(2,2);(10,42)(2,8);(18,46)(4,2);(8,46)(2,2)-1000
(50,26)(2,2);(12,22)(6,10);(40,26)(2,2);(30,26)(2,2);(18,26)(6,2);(10,22)(2,8);(50,46)(2,2);(12,42)(6,10);(40,46)(2,2);(30,46)(2,2);(18,46)(6,2);(10,42)(2,8)-1000
(52,26)(2,2);(12,22)(6,10);(42,26)(2,2);(32,26)(2,2);(10,24)(2,6);(22,26)(2,2);(8,24)(2,6);(10,30)(2,2);(10,22)(2,2);(52,46)(2,2);(12,42)(6,10);(42,46)(2,2);(32,46)(2,2);(10,44)(2,6);(22,46)(2,2);(8,44)(2,6);(10,50)(2,2);(10,42)(2,2)-1000
(54,26)(2,2);(12,22)(6,10);(44,26)(2,2);(34,26)(2,2);(10,24)(2,6);(24,26)(2,2);(8,24)(2,6);(54,46)(2,2);(12,42)(6,10);(44,46)(2,2);(34,46)(2,2);(10,44)(2,6);(24,46)(2,2);(8,44)(2,6)-1000
