(35,35)(15,15)-1000
(35,38)(15,12);(41,50)(3,3);(38,35)(12,3)-1000
(35,38)(15,12);(41,50)(3,3);(41,53)(3,3);(38,35)(9,3)-1000
(41,50)(3,9);(38,35)(9,3);(38,38)(12,3);(35,41)(15,9)-1000
(41,56)(3,3);(35,38)(15,12);(38,35)(12,3);(35,35)(3,3);(41,32)(3,3)-1000
(41,59)(3,3);(35,38)(15,12);(38,35)(12,3)-1000
(41,60)(3,3);(35,39)(15,12);(38,36)(12,3)-1000
(41,61)(3,3);(35,40)(15,12);(38,37)(12,3)-1000
(41,62)(3,3);(35,41)(15,12);(38,38)(12,3)-1000
(42,62)(3,3);(35,42)(15,12);(39,38)(12,3)-1000
(43,62)(3,3);(35,43)(15,12);(40,38)(12,3)-1000
(44,62)(3,3);(35,44)(15,12);(41,38)(12,3)-1000
(44,61)(3,3);(35,45)(15,12);(42,38)(12,3)-1000
(44,60)(3,3);(35,46)(15,12);(43,38)(12,3)-1000
(44,59)(3,3);(35,47)(15,12);(44,38)(12,3)-1000
(43,59)(3,3);(35,48)(15,12);(45,38)(12,3)-1000
(42,59)(3,3);(35,49)(15,12);(46,38)(12,3)-1000
(41,59)(3,3);(35,50)(15,12);(47,38)(12,3)-1000
(41,60)(3,3);(36,50)(15,12);(48,38)(12,3)-1000
(41,61)(3,3);(37,50)(15,12);(49,38)(12,3)-1000
(41,62)(3,3);(38,50)(15,12);(50,38)(12,3)-1000
(42,62)(3,3);(39,50)(15,12);(50,37)(12,3)-1000
(43,62)(3,3);(40,50)(15,12);(50,36)(12,3)-1000
(44,62)(3,3);(41,50)(15,12);(50,35)(12,3)-1000
(44,61)(3,3);(42,50)(15,12);(49,35)(12,3)-1000
(44,60)(3,3);(43,50)(15,12);(48,35)(12,3)-1000
(44,59)(3,3);(44,50)(15,12);(47,35)(12,3)-1000
(43,59)(3,3);(45,50)(15,12);(46,35)(12,3)-1000
(42,59)(3,3);(46,50)(15,12);(45,35)(12,3)-1000
(41,59)(3,3);(47,50)(15,12);(44,35)(12,3)-1000
(41,60)(3,3);(48,50)(15,12);(43,35)(12,3)-1000
(41,61)(3,3);(49,50)(15,12);(42,35)(12,3)-1000
(41,62)(3,3);(50,50)(15,12);(41,35)(12,3)-1000
(42,62)(3,3);(50,49)(15,12);(40,35)(12,3)-1000
(43,62)(3,3);(50,48)(15,12);(39,35)(12,3)-1000
(44,62)(3,3);(50,47)(15,12);(38,35)(12,3)-1000
(44,61)(3,3);(50,46)(15,12);(38,36)(12,3)-1000
(44,60)(3,3);(50,45)(15,12);(38,37)(12,3)-1000
(44,59)(3,3);(50,44)(15,12);(38,38)(12,3)-1000
(43,59)(3,3);(50,43)(15,12);(39,38)(12,3)-1000
(42,59)(3,3);(50,42)(15,12);(40,38)(12,3)-1000
(41,59)(3,3);(50,41)(15,12);(41,38)(12,3)-1000
(50,40)(15,12);(42,38)(12,3)-1000
(50,39)(15,12);(43,38)(12,3)-1000
(50,38)(15,12);(44,38)(12,3)-1000
(49,38)(15,12);(45,38)(12,3)-1000
(48,38)(15,12);(46,38)(12,3)-1000
(47,38)(15,12);(47,38)(12,3)-1000
(46,38)(15,12);(48,38)(12,3)-1000
(45,38)(15,12);(49,38)(12,3)-1000
(44,38)(15,12);(50,38)(12,3)-1000
(43,38)(15,12);(50,37)(12,3)-1000
(42,38)(15,12);(50,36)(12,3)-1000
(41,38)(15,12);(50,35)(12,3)-1000
(40,38)(15,12);(49,35)(12,3)-1000
(39,38)(15,12);(48,35)(12,3)-1000
(38,38)(15,12);(47,35)(12,3)-1000
(37,38)(15,12);(46,35)(12,3)-1000
(36,38)(15,12);(45,35)(12,3)-1000
(35,38)(15,12);(44,35)(12,3)-1000
(35,39)(15,12);(43,35)(12,3)-1000
(35,40)(15,12);(42,35)(12,3)-1000
(35,41)(15,12);(41,35)(12,3)-1000
(35,42)(15,12);(40,35)(12,3)-1000
(35,43)(15,12);(39,35)(12,3)-1000
(35,44)(15,12);(38,35)(12,3)-1000
(35,45)(15,12);(38,36)(12,3)-1000
(35,46)(15,12);(38,37)(12,3)-1000
(35,47)(15,12);(38,38)(12,3)-1000
(35,48)(15,12);(39,38)(12,3)-1000
(35,49)(15,12);(40,38)(12,3)-1000
(35,50)(15,12);(41,38)(12,3)-1000
(36,50)(15,12);(42,38)(12,3)-1000
(37,50)(15,12);(43,38)(12,3)-1000
(38,50)(15,12);(44,38)(12,3)-1000
(39,50)(15,12);(45,38)(12,3)-1000
(40,50)(15,12);(46,38)(12,3)-1000
(41,50)(15,12);(47,38)(12,3)-1000
(42,50)(15,12);(48,38)(12,3)-1000
(43,50)(15,12);(49,38)(12,3)-1000
(44,50)(15,12);(50,38)(12,3)-1000
(45,50)(15,12);(50,37)(12,3)-1000
(46,50)(15,12);(50,36)(12,3)-1000
(47,50)(15,12);(50,35)(12,3)-1000
(48,50)(15,12);(49,35)(12,3)-1000
(49,50)(15,12);(48,35)(12,3)-1000
(50,50)(15,12);(47,35)(12,3)-1000
(50,49)(15,12);(46,35)(12,3)-1000
(50,48)(15,12);(45,35)(12,3)-1000
(50,47)(15,12);(44,35)(12,3)-1000
(50,46)(15,12);(43,35)(12,3)-1000
(50,45)(15,12);(42,35)(12,3)-1000
(50,44)(15,12);(41,35)(12,3)-1000
(50,43)(15,12);(40,35)(12,3)-1000
(50,42)(15,12);(39,35)(12,3)-1000
(50,41)(15,12);(38,35)(12,3)-1000
(50,40)(15,12)-1000
(50,39)(15,12)-1000
(50,38)(15,12)-1000
(49,38)(15,12)-1000
(48,38)(15,12)-1000
(47,38)(15,12)-1000
(46,38)(15,12)-1000
(45,38)(15,12)-1000
(44,38)(15,12)-1000
(43,38)(15,12)-1000
(42,38)(15,12)-1000
(41,38)(15,12)-1000
(40,38)(15,12)-1000
(39,38)(15,12)-1000
(38,38)(15,12)-1000
(37,38)(15,12)-1000
(36,38)(15,12)-1000
(35,38)(15,12)-1000
(35,39)(15,12)-1000
(35,40)(15,12)-1000
(35,41)(15,12)-1000
(35,42)(15,12)-1000
(35,43)(15,12)-1000
(35,44)(15,12)-1000
(35,45)(15,12)-1000
(35,46)(15,12)-1000
(35,47)(15,12)-1000
(35,48)(15,12)-1000
(35,49)(15,12)-1000
(35,50)(15,12)-1000
(36,50)(15,12)-1000
(37,50)(15,12)-1000
(38,50)(15,12)-1000
(39,50)(15,12)-1000
(40,50)(15,12)-1000
(41,50)(15,12)-1000
(42,50)(15,12)-1000
(43,50)(15,12)-1000
(44,50)(15,12)-1000
(45,50)(15,12)-1000
(46,50)(15,12)-1000
(47,50)(15,12)-1000
(48,50)(15,12)-1000
(49,50)(15,12)-1000
(50,50)(15,12)-1000
(50,49)(15,12)-1000
(50,48)(15,12)-1000
(50,47)(15,12)-1000
(50,46)(15,12)-1000
(50,45)(15,12)-1000
(50,44)(15,12)-1000
(50,43)(15,12)-1000
(50,42)(15,12)-1000
(50,41)(15,12)-1000
(50,40)(15,12)-1000
(50,39)(15,12)-1000
(50,38)(15,12)-1000
(49,38)(15,12)-1000
(48,38)(15,12)-1000
(47,38)(15,12)-1000
(46,38)(15,12)-1000
(45,38)(15,12)-1000
(44,38)(15,12)-1000
(43,38)(15,12)-1000
(42,38)(15,12)-1000
(41,38)(15,12)-1000
(40,38)(15,12)-1000
(39,38)(15,12)-1000
(38,38)(15,12)-1000
(37,38)(15,12)-1000
(36,38)(15,12)-1000
(35,38)(15,12)-1000
