(44,104)(10,10)-1000
(44,104)(10,8);(48,102)(2,2);(44,112)(8,2)-1000
(44,104)(10,8);(48,102)(2,2);(48,100)(2,2);(46,112)(6,2)-1000
(48,98)(2,6);(46,112)(6,2);(44,110)(8,2);(44,104)(10,6)-1000
(48,98)(2,2);(44,104)(10,8);(44,112)(8,2);(52,112)(2,2);(48,114)(2,2)-1000
(48,96)(2,2);(44,104)(10,8);(44,112)(8,2)-1000
(48,94)(2,2);(44,104)(10,8);(46,112)(6,2);(48,102)(2,2)-1000
(48,92)(2,2);(46,112)(6,2);(48,102)(2,2);(44,104)(10,6);(44,110)(8,2);(48,100)(2,2)-1000
(48,90)(2,2);(48,98)(2,6);(44,104)(10,6);(46,110)(6,4)-1000
(48,88)(2,2);(44,104)(10,6);(46,110)(6,4);(52,110)(2,2);(44,110)(2,2);(48,98)(2,2);(52,112)(2,2);(44,112)(2,2)-1000
(48,86)(2,2);(44,104)(10,6);(46,110)(6,4);(52,110)(2,2);(44,110)(2,2);(48,96)(2,2)-1000
(48,84)(2,2);(44,104)(10,6);(52,110)(2,2);(44,110)(2,2);(48,94)(2,2);(46,110)(6,2);(46,112)(4,2);(48,102)(2,2)-1000
(48,82)(2,2);(44,104)(10,6);(52,110)(2,2);(44,110)(2,2);(48,92)(2,2);(48,100)(2,4);(46,110)(6,2);(48,112)(2,2)-1000
(48,80)(2,2);(44,104)(10,6);(48,90)(2,2);(44,110)(10,2);(48,98)(2,6)-1000
(48,78)(2,2);(44,104)(10,6);(48,88)(2,2);(48,98)(2,2);(44,110)(8,2);(46,112)(6,2);(52,110)(2,2);(48,114)(2,2)-1000
(48,76)(2,2);(44,104)(10,6);(48,86)(2,2);(48,96)(2,2);(44,110)(8,2);(46,112)(6,2)-1000
(48,74)(2,2);(44,104)(10,6);(48,84)(2,2);(48,94)(2,2);(44,110)(8,2);(46,112)(4,2);(48,102)(2,2)-1000
(48,72)(2,2);(44,104)(10,6);(48,82)(2,2);(48,92)(2,2);(44,110)(8,2);(48,100)(2,4);(48,112)(2,2)-1000
(48,70)(2,2);(44,104)(10,6);(48,80)(2,2);(48,90)(2,2);(48,98)(2,6);(44,110)(8,2)-1000
(48,68)(2,2);(44,104)(10,6);(48,78)(2,2);(48,88)(2,2);(46,110)(6,2);(48,98)(2,2);(46,112)(6,2);(52,110)(2,2);(44,110)(2,2)-1000
(48,66)(2,2);(44,104)(10,6);(48,76)(2,2);(48,86)(2,2);(46,110)(6,2);(48,96)(2,2);(46,112)(6,2)-1000
(48,64)(2,2);(44,104)(10,6);(48,74)(2,2);(48,84)(2,2);(46,110)(6,2);(48,94)(2,2);(48,102)(2,2);(46,112)(4,2)-1000
(48,62)(2,2);(44,104)(10,6);(48,72)(2,2);(48,82)(2,2);(46,110)(6,2);(48,92)(2,2);(48,112)(2,2);(48,102)(2,2);(48,100)(2,2)-1000
(50,62)(2,2);(44,104)(10,6);(50,72)(2,2);(50,82)(2,2);(46,110)(6,2);(50,92)(2,2);(48,98)(2,6)-1000
(52,62)(2,2);(44,104)(10,6);(52,72)(2,2);(52,82)(2,2);(52,92)(2,2);(48,98)(2,2);(44,110)(10,2);(46,112)(4,2)-1000
(54,62)(2,2);(44,104)(10,6);(54,72)(2,2);(54,82)(2,2);(54,92)(2,2);(48,96)(2,2);(44,110)(10,2)-1000
(56,62)(2,2);(44,104)(10,6);(56,72)(2,2);(56,82)(2,2);(56,92)(2,2);(48,94)(2,2);(44,110)(8,2);(48,102)(2,2)-1000
(58,62)(2,2);(44,104)(10,6);(58,72)(2,2);(58,82)(2,2);(58,92)(2,2);(48,92)(2,2);(48,100)(2,4);(46,110)(6,2)-1000
(60,62)(2,2);(60,72)(2,2);(60,82)(2,2);(60,92)(2,2);(48,90)(2,2);(48,98)(2,6);(44,104)(10,4);(44,108)(8,2);(46,110)(6,2)-1000
(62,62)(2,2);(62,72)(2,2);(62,82)(2,2);(62,92)(2,2);(48,88)(2,2);(44,104)(10,4);(48,98)(2,2);(44,108)(10,2);(44,110)(8,2);(52,110)(2,2);(48,112)(2,2)-1000
(64,62)(2,2);(64,72)(2,2);(64,82)(2,2);(64,92)(2,2);(48,86)(2,2);(44,104)(10,4);(48,96)(2,2);(44,108)(10,2);(44,110)(8,2)-1000
