(4,11)(5,5)-1000
(5,11)(4,5);(9,13)(1,1);(4,11)(1,4)-1000
(5,11)(4,5);(9,13)(1,1);(10,13)(1,1);(4,12)(1,3)-1000
(9,13)(3,1);(4,12)(1,3);(5,11)(1,4);(6,11)(3,5)-1000
(11,13)(1,1);(5,11)(4,5);(4,11)(1,4);(4,15)(1,1);(3,13)(1,1)-1000
(12,13)(1,1);(5,11)(4,5);(4,11)(1,4)-1000
(13,13)(1,1);(5,11)(4,5);(4,12)(1,3);(9,13)(1,1)-1000
(14,13)(1,1);(4,12)(1,3);(9,13)(1,1);(6,11)(3,5);(5,11)(1,4);(10,13)(1,1)-1000
(15,13)(1,1);(9,13)(3,1);(6,11)(3,5);(4,12)(2,3)-1000
(16,13)(1,1);(6,11)(3,5);(4,12)(2,3);(5,15)(1,1);(5,11)(1,1);(11,13)(1,1);(4,15)(1,1);(4,11)(1,1)-1000
(17,13)(1,1);(6,11)(3,5);(4,12)(2,3);(5,15)(1,1);(5,11)(1,1);(12,13)(1,1)-1000
(18,13)(1,1);(6,11)(3,5);(5,15)(1,1);(5,11)(1,1);(13,13)(1,1);(5,12)(1,3);(4,12)(1,2);(9,13)(1,1)-1000
(19,13)(1,1);(6,11)(3,5);(5,15)(1,1);(5,11)(1,1);(14,13)(1,1);(9,13)(2,1);(5,12)(1,3);(4,13)(1,1)-1000
(20,13)(1,1);(6,11)(3,5);(15,13)(1,1);(5,11)(1,5);(9,13)(3,1)-1000
(21,13)(1,1);(6,11)(3,5);(16,13)(1,1);(11,13)(1,1);(5,11)(1,4);(4,12)(1,3);(5,15)(1,1);(3,13)(1,1)-1000
(22,13)(1,1);(6,11)(3,5);(17,13)(1,1);(12,13)(1,1);(5,11)(1,4);(4,12)(1,3)-1000
(23,13)(1,1);(6,11)(3,5);(18,13)(1,1);(13,13)(1,1);(5,11)(1,4);(4,12)(1,2);(9,13)(1,1)-1000
(24,13)(1,1);(6,11)(3,5);(19,13)(1,1);(14,13)(1,1);(5,11)(1,4);(9,13)(2,1);(4,13)(1,1)-1000
(25,13)(1,1);(6,11)(3,5);(20,13)(1,1);(15,13)(1,1);(9,13)(3,1);(5,11)(1,4)-1000
(26,13)(1,1);(6,11)(3,5);(21,13)(1,1);(16,13)(1,1);(5,12)(1,3);(11,13)(1,1);(4,12)(1,3);(5,15)(1,1);(5,11)(1,1)-1000
(27,13)(1,1);(6,11)(3,5);(22,13)(1,1);(17,13)(1,1);(5,12)(1,3);(12,13)(1,1);(4,12)(1,3)-1000
(28,13)(1,1);(6,11)(3,5);(23,13)(1,1);(18,13)(1,1);(5,12)(1,3);(13,13)(1,1);(9,13)(1,1);(4,12)(1,2)-1000
(29,13)(1,1);(6,11)(3,5);(24,13)(1,1);(19,13)(1,1);(5,12)(1,3);(14,13)(1,1);(4,13)(1,1);(9,13)(1,1);(10,13)(1,1)-1000
(29,14)(1,1);(6,11)(3,5);(24,14)(1,1);(19,14)(1,1);(5,12)(1,3);(14,14)(1,1);(9,13)(3,1)-1000
(29,15)(1,1);(6,11)(3,5);(24,15)(1,1);(19,15)(1,1);(14,15)(1,1);(11,13)(1,1);(5,11)(1,5);(4,12)(1,2)-1000
(29,16)(1,1);(6,11)(3,5);(24,16)(1,1);(19,16)(1,1);(14,16)(1,1);(12,13)(1,1);(5,11)(1,5)-1000
(29,17)(1,1);(6,11)(3,5);(24,17)(1,1);(19,17)(1,1);(14,17)(1,1);(13,13)(1,1);(5,11)(1,4);(9,13)(1,1)-1000
(29,18)(1,1);(6,11)(3,5);(24,18)(1,1);(19,18)(1,1);(14,18)(1,1);(14,13)(1,1);(9,13)(2,1);(5,12)(1,3)-1000
(29,19)(1,1);(24,19)(1,1);(19,19)(1,1);(14,19)(1,1);(15,13)(1,1);(9,13)(3,1);(7,11)(2,5);(6,11)(1,4);(5,12)(1,3)-1000
(29,20)(1,1);(24,20)(1,1);(19,20)(1,1);(14,20)(1,1);(16,13)(1,1);(7,11)(2,5);(11,13)(1,1);(6,11)(1,5);(5,11)(1,4);(5,15)(1,1);(4,13)(1,1)-1000
(29,21)(1,1);(24,21)(1,1);(19,21)(1,1);(14,21)(1,1);(17,13)(1,1);(7,11)(2,5);(12,13)(1,1);(6,11)(1,5);(5,11)(1,4)-1000
(29,22)(1,1);(24,22)(1,1);(19,22)(1,1);(14,22)(1,1);(18,13)(1,1);(7,11)(2,5);(13,13)(1,1);(6,11)(1,5);(5,12)(1,3);(9,13)(1,1)-1000
(29,23)(1,1);(24,23)(1,1);(19,23)(1,1);(14,23)(1,1);(19,13)(1,1);(7,11)(2,5);(14,13)(1,1);(9,13)(2,1);(6,11)(1,4);(5,12)(1,3)-1000
(29,23)(1,1);(24,23)(1,1);(19,23)(1,1);(14,23)(1,1);(20,13)(1,1);(7,11)(2,5);(15,13)(1,1);(9,13)(3,1);(5,12)(2,3)-1000
(29,23)(1,1);(24,23)(1,1);(19,23)(1,1);(14,23)(1,1);(21,13)(1,1);(7,11)(2,5);(16,13)(1,1);(5,12)(2,3);(6,15)(1,1);(6,11)(1,1);(11,13)(1,1);(5,15)(1,1);(5,11)(1,1)-1000
(29,23)(1,1);(24,23)(1,1);(19,23)(1,1);(14,23)(1,1);(22,13)(1,1);(17,13)(1,1);(12,13)(1,1);(3,12)(6,3)-1000
(29,23)(1,1);(24,23)(1,1);(19,23)(1,1);(14,23)(1,1);(23,13)(1,1);(18,13)(1,1);(13,13)(1,1);(4,12)(5,3);(3,12)(1,2);(9,13)(1,1)-1000
(29,23)(1,1);(24,23)(1,1);(19,23)(1,1);(14,23)(1,1);(24,13)(1,1);(19,13)(1,1);(14,13)(1,1);(4,12)(5,3);(3,13)(1,1);(9,13)(2,1)-1000
(29,23)(1,1);(24,23)(1,1);(19,23)(1,1);(14,23)(1,1);(25,13)(1,1);(20,13)(1,1);(15,13)(1,1);(9,13)(3,1);(4,12)(5,3)-1000
(29,23)(1,1);(24,23)(1,1);(19,23)(1,1);(14,23)(1,1);(26,13)(1,1);(21,13)(1,1);(16,13)(1,1);(4,12)(5,3);(11,13)(1,1);(3,12)(1,2)-1000
(29,23)(1,1);(24,23)(1,1);(19,23)(1,1);(14,23)(1,1);(27,13)(1,1);(22,13)(1,1);(17,13)(1,1);(4,12)(5,3);(12,13)(1,1);(3,12)(1,2)-1000
(29,23)(1,1);(24,23)(1,1);(19,23)(1,1);(14,23)(1,1);(28,13)(1,1);(23,13)(1,1);(18,13)(1,1);(4,12)(5,3);(13,13)(1,1);(3,13)(1,1);(9,13)(1,1)-1000
(29,23)(1,1);(24,23)(1,1);(19,23)(1,1);(14,23)(1,1);(29,13)(1,1);(24,13)(1,1);(19,13)(1,1);(4,12)(5,3);(14,13)(1,1);(9,13)(2,1)-1000
(29,23)(1,1);(24,23)(1,1);(19,23)(1,1);(14,23)(1,1);(29,14)(1,1);(24,14)(1,1);(19,14)(1,1);(14,14)(1,1);(9,13)(3,1);(5,12)(4,3);(4,12)(1,2)-1000
(29,23)(1,1);(24,23)(1,1);(19,23)(1,1);(14,23)(1,1);(29,15)(1,1);(24,15)(1,1);(19,15)(1,1);(14,15)(1,1);(5,12)(4,3);(11,13)(1,1);(4,12)(1,3);(3,13)(1,1)-1000
(29,23)(1,1);(24,23)(1,1);(19,23)(1,1);(14,23)(1,1);(29,16)(1,1);(24,16)(1,1);(19,16)(1,1);(14,16)(1,1);(5,12)(4,3);(12,13)(1,1);(4,12)(1,3);(3,13)(1,1)-1000
(29,23)(1,1);(24,23)(1,1);(19,23)(1,1);(14,23)(1,1);(29,17)(1,1);(24,17)(1,1);(19,17)(1,1);(14,17)(1,1);(5,12)(4,3);(13,13)(1,1);(4,12)(1,3);(9,13)(1,1)-1000
(29,23)(1,1);(24,23)(1,1);(19,23)(1,1);(14,23)(1,1);(29,18)(1,1);(24,18)(1,1);(19,18)(1,1);(14,18)(1,1);(5,12)(4,3);(14,13)(1,1);(4,12)(1,2);(9,13)(2,1)-1000
(29,23)(1,1);(24,23)(1,1);(19,23)(1,1);(14,23)(1,1);(29,18)(1,1);(24,18)(1,1);(19,18)(1,1);(14,18)(1,1);(5,12)(4,3);(15,13)(1,1);(9,13)(3,1);(4,13)(1,1)-1000
(29,23)(1,1);(24,23)(1,1);(19,23)(1,1);(14,23)(1,1);(29,18)(1,1);(24,18)(1,1);(19,18)(1,1);(14,18)(1,1);(5,12)(4,3);(16,13)(1,1);(11,13)(1,1);(4,12)(1,3)-1000
(29,23)(1,1);(24,23)(1,1);(19,23)(1,1);(14,23)(1,1);(29,18)(1,1);(24,18)(1,1);(19,18)(1,1);(14,18)(1,1);(5,12)(4,3);(17,13)(1,1);(12,13)(1,1);(4,12)(1,3)-1000
(29,23)(1,1);(24,23)(1,1);(19,23)(1,1);(14,23)(1,1);(29,18)(1,1);(24,18)(1,1);(19,18)(1,1);(14,18)(1,1);(5,12)(4,3);(18,13)(1,1);(13,13)(1,1);(4,12)(1,2);(9,13)(1,1)-1000
(29,23)(1,1);(24,23)(1,1);(19,23)(1,1);(14,23)(1,1);(29,18)(1,1);(24,18)(1,1);(19,18)(1,1);(14,18)(1,1);(5,12)(4,3);(19,13)(1,1);(14,13)(1,1);(9,13)(2,1);(4,13)(1,1)-1000
(29,23)(1,1);(24,23)(1,1);(19,23)(1,1);(14,23)(1,1);(29,18)(1,1);(24,18)(1,1);(19,18)(1,1);(14,18)(1,1);(5,12)(4,3);(20,13)(1,1);(15,13)(1,1);(9,13)(3,1)-1000
(29,23)(1,1);(24,23)(1,1);(19,23)(1,1);(14,23)(1,1);(29,18)(1,1);(24,18)(1,1);(19,18)(1,1);(14,18)(1,1);(5,12)(4,3);(21,13)(1,1);(16,13)(1,1);(11,13)(1,1);(4,12)(1,2)-1000
(29,23)(1,1);(24,23)(1,1);(19,23)(1,1);(14,23)(1,1);(29,18)(1,1);(24,18)(1,1);(19,18)(1,1);(14,18)(1,1);(5,12)(4,3);(22,13)(1,1);(17,13)(1,1);(12,13)(1,1);(4,12)(1,2)-1000
(29,23)(1,1);(24,23)(1,1);(19,23)(1,1);(14,23)(1,1);(29,18)(1,1);(24,18)(1,1);(19,18)(1,1);(14,18)(1,1);(5,12)(4,3);(23,13)(1,1);(18,13)(1,1);(13,13)(1,1);(9,13)(1,1);(4,13)(1,1)-1000
(29,23)(1,1);(24,23)(1,1);(19,23)(1,1);(14,23)(1,1);(29,18)(1,1);(24,18)(1,1);(19,18)(1,1);(14,18)(1,1);(5,12)(4,3);(24,13)(1,1);(19,13)(1,1);(14,13)(1,1);(9,13)(2,1)-1000
(29,23)(1,1);(24,23)(1,1);(19,23)(1,1);(14,23)(1,1);(29,18)(1,1);(24,18)(1,1);(19,18)(1,1);(14,18)(1,1);(25,13)(1,1);(20,13)(1,1);(15,13)(1,1);(9,13)(3,1);(6,12)(3,3);(5,12)(1,2)-1000
(29,23)(1,1);(24,23)(1,1);(19,23)(1,1);(14,23)(1,1);(29,18)(1,1);(24,18)(1,1);(19,18)(1,1);(14,18)(1,1);(26,13)(1,1);(21,13)(1,1);(16,13)(1,1);(6,12)(3,3);(11,13)(1,1);(5,12)(1,3);(4,13)(1,1)-1000
(29,23)(1,1);(24,23)(1,1);(19,23)(1,1);(14,23)(1,1);(29,18)(1,1);(24,18)(1,1);(19,18)(1,1);(14,18)(1,1);(27,13)(1,1);(22,13)(1,1);(17,13)(1,1);(6,12)(3,3);(12,13)(1,1);(5,12)(1,3);(4,13)(1,1)-1000
(29,23)(1,1);(24,23)(1,1);(19,23)(1,1);(14,23)(1,1);(29,18)(1,1);(24,18)(1,1);(19,18)(1,1);(14,18)(1,1);(28,13)(1,1);(23,13)(1,1);(18,13)(1,1);(6,12)(3,3);(13,13)(1,1);(5,12)(1,3);(9,13)(1,1)-1000
(29,23)(1,1);(24,23)(1,1);(19,23)(1,1);(14,23)(1,1);(29,18)(1,1);(24,18)(1,1);(19,18)(1,1);(14,18)(1,1);(29,13)(1,1);(24,13)(1,1);(19,13)(1,1);(6,12)(3,3);(14,13)(1,1);(5,12)(1,2);(9,13)(2,1)-1000
(29,23)(1,1);(24,23)(1,1);(19,23)(1,1);(14,23)(1,1);(29,18)(1,1);(24,18)(1,1);(19,18)(1,1);(14,18)(1,1);(29,12)(1,1);(24,12)(1,1);(19,12)(1,1);(6,12)(3,3);(14,12)(1,1);(9,13)(3,1);(5,13)(1,1)-1000
(29,23)(1,1);(24,23)(1,1);(19,23)(1,1);(14,23)(1,1);(29,18)(1,1);(24,18)(1,1);(19,18)(1,1);(14,18)(1,1);(29,11)(1,1);(24,11)(1,1);(19,11)(1,1);(6,12)(3,3);(14,11)(1,1);(5,12)(1,3);(11,13)(1,1)-1000
(29,23)(1,1);(24,23)(1,1);(19,23)(1,1);(14,23)(1,1);(29,18)(1,1);(24,18)(1,1);(19,18)(1,1);(14,18)(1,1);(29,10)(1,1);(24,10)(1,1);(19,10)(1,1);(6,12)(3,3);(14,10)(1,1);(5,12)(1,3);(12,13)(1,1)-1000
(29,23)(1,1);(24,23)(1,1);(19,23)(1,1);(14,23)(1,1);(29,18)(1,1);(24,18)(1,1);(19,18)(1,1);(14,18)(1,1);(29,9)(1,1);(24,9)(1,1);(19,9)(1,1);(6,12)(3,3);(14,9)(1,1);(13,13)(1,1);(9,13)(1,1);(5,12)(1,2)-1000
(29,23)(1,1);(24,23)(1,1);(19,23)(1,1);(14,23)(1,1);(29,18)(1,1);(24,18)(1,1);(19,18)(1,1);(14,18)(1,1);(29,8)(1,1);(24,8)(1,1);(19,8)(1,1);(6,12)(3,3);(14,8)(1,1);(14,13)(1,1);(9,13)(2,1);(5,13)(1,1)-1000
(29,23)(1,1);(24,23)(1,1);(19,23)(1,1);(14,23)(1,1);(29,18)(1,1);(24,18)(1,1);(19,18)(1,1);(14,18)(1,1);(29,8)(1,1);(24,8)(1,1);(19,8)(1,1);(6,12)(3,3);(14,8)(1,1);(15,13)(1,1);(9,13)(3,1)-1000
(29,23)(1,1);(24,23)(1,1);(19,23)(1,1);(14,23)(1,1);(29,18)(1,1);(24,18)(1,1);(19,18)(1,1);(14,18)(1,1);(29,8)(1,1);(24,8)(1,1);(19,8)(1,1);(6,12)(3,3);(14,8)(1,1);(16,13)(1,1);(11,13)(1,1);(5,12)(1,2)-1000
(29,23)(1,1);(24,23)(1,1);(19,23)(1,1);(14,23)(1,1);(29,18)(1,1);(24,18)(1,1);(19,18)(1,1);(14,18)(1,1);(29,8)(1,1);(24,8)(1,1);(19,8)(1,1);(6,12)(3,3);(14,8)(1,1);(17,13)(1,1);(12,13)(1,1);(5,12)(1,2)-1000
(29,23)(1,1);(24,23)(1,1);(19,23)(1,1);(14,23)(1,1);(29,18)(1,1);(24,18)(1,1);(19,18)(1,1);(14,18)(1,1);(29,8)(1,1);(24,8)(1,1);(19,8)(1,1);(6,12)(3,3);(14,8)(1,1);(18,13)(1,1);(13,13)(1,1);(5,13)(1,1);(9,13)(1,1)-1000
(29,23)(1,1);(24,23)(1,1);(19,23)(1,1);(14,23)(1,1);(29,18)(1,1);(24,18)(1,1);(19,18)(1,1);(14,18)(1,1);(29,8)(1,1);(24,8)(1,1);(19,8)(1,1);(6,12)(3,3);(14,8)(1,1);(19,13)(1,1);(14,13)(1,1);(9,13)(2,1)-1000
(29,23)(1,1);(24,23)(1,1);(19,23)(1,1);(14,23)(1,1);(29,18)(1,1);(24,18)(1,1);(19,18)(1,1);(14,18)(1,1);(29,8)(1,1);(24,8)(1,1);(19,8)(1,1);(14,8)(1,1);(20,13)(1,1);(15,13)(1,1);(9,13)(3,1);(7,12)(2,3);(6,12)(1,2)-1000
(29,23)(1,1);(24,23)(1,1);(19,23)(1,1);(14,23)(1,1);(29,18)(1,1);(24,18)(1,1);(19,18)(1,1);(14,18)(1,1);(29,8)(1,1);(24,8)(1,1);(19,8)(1,1);(14,8)(1,1);(21,13)(1,1);(16,13)(1,1);(7,12)(2,3);(11,13)(1,1);(6,12)(1,3);(5,13)(1,1)-1000
(29,23)(1,1);(24,23)(1,1);(19,23)(1,1);(14,23)(1,1);(29,18)(1,1);(24,18)(1,1);(19,18)(1,1);(14,18)(1,1);(29,8)(1,1);(24,8)(1,1);(19,8)(1,1);(14,8)(1,1);(22,13)(1,1);(17,13)(1,1);(7,12)(2,3);(12,13)(1,1);(6,12)(1,3);(5,13)(1,1)-1000
(29,23)(1,1);(24,23)(1,1);(19,23)(1,1);(14,23)(1,1);(29,18)(1,1);(24,18)(1,1);(19,18)(1,1);(14,18)(1,1);(29,8)(1,1);(24,8)(1,1);(19,8)(1,1);(14,8)(1,1);(23,13)(1,1);(18,13)(1,1);(7,12)(2,3);(13,13)(1,1);(6,12)(1,3);(9,13)(1,1)-1000
(29,23)(1,1);(24,23)(1,1);(19,23)(1,1);(14,23)(1,1);(29,18)(1,1);(24,18)(1,1);(19,18)(1,1);(14,18)(1,1);(29,8)(1,1);(24,8)(1,1);(19,8)(1,1);(14,8)(1,1);(24,13)(1,1);(19,13)(1,1);(7,12)(2,3);(14,13)(1,1);(6,13)(1,1);(9,13)(2,1)-1000
(29,23)(1,1);(24,23)(1,1);(19,23)(1,1);(14,23)(1,1);(29,18)(1,1);(24,18)(1,1);(19,18)(1,1);(14,18)(1,1);(29,8)(1,1);(24,8)(1,1);(19,8)(1,1);(14,8)(1,1);(25,13)(1,1);(20,13)(1,1);(7,12)(2,3);(15,13)(1,1);(9,13)(3,1)-1000
(29,23)(1,1);(24,23)(1,1);(19,23)(1,1);(14,23)(1,1);(29,18)(1,1);(24,18)(1,1);(19,18)(1,1);(14,18)(1,1);(29,8)(1,1);(24,8)(1,1);(19,8)(1,1);(14,8)(1,1);(26,13)(1,1);(21,13)(1,1);(7,12)(2,3);(16,13)(1,1);(11,13)(1,1);(6,12)(1,3)-1000
(29,23)(1,1);(24,23)(1,1);(19,23)(1,1);(14,23)(1,1);(29,18)(1,1);(24,18)(1,1);(19,18)(1,1);(14,18)(1,1);(29,8)(1,1);(24,8)(1,1);(19,8)(1,1);(14,8)(1,1);(27,13)(1,1);(22,13)(1,1);(7,12)(2,3);(17,13)(1,1);(12,13)(1,1);(6,12)(1,3)-1000
