(120,27)(15,15)-1000
(120,27)(12,15);(117,33)(3,3);(132,30)(3,12)-1000
(120,27)(12,15);(117,33)(3,3);(114,33)(3,3);(132,30)(3,9)-1000
(111,33)(9,3);(132,30)(3,9);(129,30)(3,12);(120,27)(9,15)-1000
(111,33)(3,3);(120,27)(12,15);(132,30)(3,12);(132,27)(3,3);(135,33)(3,3)-1000
(108,33)(3,3);(120,27)(12,15);(132,30)(3,12)-1000
(105,33)(3,3);(120,27)(12,15);(132,30)(3,9);(117,33)(3,3)-1000
(102,33)(3,3);(132,30)(3,9);(117,33)(3,3);(120,27)(9,15);(129,30)(3,12);(114,33)(3,3)-1000
(99,33)(3,3);(111,33)(9,3);(120,27)(9,15);(129,30)(6,9)-1000
(96,33)(3,3);(120,27)(9,15);(129,30)(6,9);(129,27)(3,3);(129,39)(3,3);(111,33)(3,3);(132,27)(3,3);(132,39)(3,3)-1000
(93,33)(3,3);(120,27)(9,15);(129,30)(6,9);(129,27)(3,3);(129,39)(3,3);(108,33)(3,3)-1000
(90,33)(3,3);(120,27)(9,15);(129,27)(3,3);(129,39)(3,3);(105,33)(3,3);(129,30)(3,9);(132,33)(3,6);(117,33)(3,3)-1000
(87,33)(3,3);(120,27)(9,15);(129,27)(3,3);(129,39)(3,3);(102,33)(3,3);(114,33)(6,3);(129,30)(3,9);(132,33)(3,3)-1000
(84,33)(3,3);(120,27)(9,15);(99,33)(3,3);(129,27)(3,15);(111,33)(9,3)-1000
(81,33)(3,3);(120,27)(9,15);(96,33)(3,3);(111,33)(3,3);(129,30)(3,12);(132,30)(3,9);(129,27)(3,3);(135,33)(3,3)-1000
(78,33)(3,3);(120,27)(9,15);(93,33)(3,3);(108,33)(3,3);(129,30)(3,12);(132,30)(3,9)-1000
(75,33)(3,3);(120,27)(9,15);(90,33)(3,3);(105,33)(3,3);(129,30)(3,12);(132,33)(3,6);(117,33)(3,3)-1000
(72,33)(3,3);(120,27)(9,15);(87,33)(3,3);(102,33)(3,3);(129,30)(3,12);(114,33)(6,3);(132,33)(3,3)-1000
(69,33)(3,3);(120,27)(9,15);(84,33)(3,3);(99,33)(3,3);(111,33)(9,3);(129,30)(3,12)-1000
(66,33)(3,3);(120,27)(9,15);(81,33)(3,3);(96,33)(3,3);(129,30)(3,9);(111,33)(3,3);(132,30)(3,9);(129,27)(3,3);(129,39)(3,3)-1000
(63,33)(3,3);(120,27)(9,15);(78,33)(3,3);(93,33)(3,3);(129,30)(3,9);(108,33)(3,3);(132,30)(3,9)-1000
(60,33)(3,3);(120,27)(9,15);(75,33)(3,3);(90,33)(3,3);(129,30)(3,9);(105,33)(3,3);(117,33)(3,3);(132,33)(3,6)-1000
(57,33)(3,3);(120,27)(9,15);(72,33)(3,3);(87,33)(3,3);(129,30)(3,9);(102,33)(3,3);(132,33)(3,3);(117,33)(3,3);(114,33)(3,3)-1000
(57,30)(3,3);(120,27)(9,15);(72,30)(3,3);(87,30)(3,3);(129,30)(3,9);(102,30)(3,3);(111,33)(9,3)-1000
(57,27)(3,3);(120,27)(9,15);(72,27)(3,3);(87,27)(3,3);(102,27)(3,3);(111,33)(3,3);(129,27)(3,15);(132,33)(3,6)-1000
(57,24)(3,3);(120,27)(9,15);(72,24)(3,3);(87,24)(3,3);(102,24)(3,3);(108,33)(3,3);(129,27)(3,15)-1000
(57,21)(3,3);(120,27)(9,15);(72,21)(3,3);(87,21)(3,3);(102,21)(3,3);(105,33)(3,3);(129,30)(3,12);(117,33)(3,3)-1000
(57,18)(3,3);(120,27)(9,15);(72,18)(3,3);(87,18)(3,3);(102,18)(3,3);(102,33)(3,3);(114,33)(6,3);(129,30)(3,9)-1000
(57,15)(3,3);(72,15)(3,3);(87,15)(3,3);(102,15)(3,3);(99,33)(3,3);(111,33)(9,3);(120,27)(6,15);(126,30)(3,12);(129,30)(3,9)-1000
(57,12)(3,3);(72,12)(3,3);(87,12)(3,3);(102,12)(3,3);(96,33)(3,3);(120,27)(6,15);(111,33)(3,3);(126,27)(3,15);(129,30)(3,12);(129,27)(3,3);(132,33)(3,3)-1000
(57,9)(3,3);(72,9)(3,3);(87,9)(3,3);(102,9)(3,3);(93,33)(3,3);(120,27)(6,15);(108,33)(3,3);(126,27)(3,15);(129,30)(3,12)-1000
