(105,65)(25,25)-1000
(105,65)(20,25);(100,75)(5,5);(125,70)(5,20)-1000
(105,65)(20,25);(100,75)(5,5);(95,75)(5,5);(125,70)(5,15)-1000
(90,75)(15,5);(125,70)(5,15);(120,70)(5,20);(105,65)(15,25)-1000
(90,75)(5,5);(105,65)(20,25);(125,70)(5,20);(125,65)(5,5);(130,75)(5,5)-1000
(85,75)(5,5);(105,65)(20,25);(125,70)(5,20)-1000
(80,75)(5,5);(105,65)(20,25);(125,70)(5,15);(100,75)(5,5)-1000
(75,75)(5,5);(125,70)(5,15);(100,75)(5,5);(105,65)(15,25);(120,70)(5,20);(95,75)(5,5)-1000
(70,75)(5,5);(90,75)(15,5);(105,65)(15,25);(120,70)(10,15)-1000
(65,75)(5,5);(105,65)(15,25);(120,70)(10,15);(120,65)(5,5);(120,85)(5,5);(90,75)(5,5);(125,65)(5,5);(125,85)(5,5)-1000
(60,75)(5,5);(105,65)(15,25);(120,70)(10,15);(120,65)(5,5);(120,85)(5,5);(85,75)(5,5)-1000
