(44,45)(2,2)-1000
(44,46)(2,2)-1000
(45,46)(2,2)-1000
(46,46)(2,2)-1000
(46,45)(2,2)-1000
(46,44)(2,2)-1000
(45,44)(2,2)-1000
(44,44)(2,2)-1000
(44,45)(2,2)-1000
(44,46)(2,2)-1000
(45,46)(2,2)-1000
(46,46)(2,2)-1000
(46,45)(2,2)-1000
(46,44)(2,2)-1000
(45,44)(2,2)-1000
(44,44)(2,2)-1000
(44,45)(2,2)-1000
(44,46)(2,2)-1000
(45,46)(2,2)-1000
(46,46)(2,2)-1000
(46,45)(2,2)-1000
(46,44)(2,2)-1000
(45,44)(2,2)-1000
(44,44)(2,2)-1000
(44,45)(2,2)-1000
(44,46)(2,2)-1000
(45,46)(2,2)-1000
(46,46)(2,2)-1000
(46,45)(2,2)-1000
(46,44)(2,2)-1000
(45,44)(2,2)-1000
(44,44)(2,2)-1000
(44,45)(2,2)-1000
(44,46)(2,2)-1000
(45,46)(2,2)-1000
(46,46)(2,2)-1000
(46,45)(2,2)-1000
(46,44)(2,2)-1000
(45,44)(2,2)-1000
(44,44)(2,2)-1000
(44,45)(2,2)-1000
(44,46)(2,2)-1000
(45,46)(2,2)-1000
(46,46)(2,2)-1000
(46,45)(2,2)-1000
(46,44)(2,2)-1000
(45,44)(2,2)-1000
(44,44)(2,2)-1000
(44,45)(2,2)-1000
(44,46)(2,2)-1000
(45,46)(2,2)-1000
(46,46)(2,2)-1000
(46,45)(2,2)-1000
(46,44)(2,2)-1000
(45,44)(2,2)-1000
(44,44)(2,2)-1000
(44,45)(2,2)-1000
(44,46)(2,2)-1000
(45,46)(2,2)-1000
(46,46)(2,2)-1000
(46,45)(2,2)-1000
(46,44)(2,2)-1000
(45,44)(2,2)-1000
(44,44)(2,2)-1000
(44,45)(2,2)-1000
(44,46)(2,2)-1000
(45,46)(2,2)-1000
(46,46)(2,2)-1000
(46,45)(2,2)-1000
(46,44)(2,2)-1000
(45,44)(2,2)-1000
(44,44)(2,2)-1000
(44,45)(2,2)-1000
(44,46)(2,2)-1000
(45,46)(2,2)-1000
(46,46)(2,2)-1000
(46,45)(2,2)-1000
(46,44)(2,2)-1000
(45,44)(2,2)-1000
(44,44)(2,2)-1000
(44,45)(2,2)-1000
(44,46)(2,2)-1000
(45,46)(2,2)-1000
(46,46)(2,2)-1000
(46,45)(2,2)-1000
(46,44)(2,2)-1000
(45,44)(2,2)-1000
(44,44)(2,2)-1000
(44,45)(2,2)-1000
(44,46)(2,2)-1000
(45,46)(2,2)-1000
(46,46)(2,2)-1000
(46,45)(2,2)-1000
(46,44)(2,2)-1000
(45,44)(2,2)-1000
(44,44)(2,2)-1000
(44,45)(2,2)-1000
(44,46)(2,2)-1000
(45,46)(2,2)-1000
(46,46)(2,2)-1000
(46,45)(2,2)-1000
(46,44)(2,2)-1000
(45,44)(2,2)-1000
(44,44)(2,2)-1000
(44,45)(2,2)-1000
(44,46)(2,2)-1000
(45,46)(2,2)-1000
(46,46)(2,2)-1000
(46,45)(2,2)-1000
(46,44)(2,2)-1000
(45,44)(2,2)-1000
(44,44)(2,2)-1000
(44,45)(2,2)-1000
(44,46)(2,2)-1000
(45,46)(2,2)-1000
(46,46)(2,2)-1000
(46,45)(2,2)-1000
(46,44)(2,2)-1000
(45,44)(2,2)-1000
(44,44)(2,2)-1000
(44,45)(2,2)-1000
(44,46)(2,2)-1000
(45,46)(2,2)-1000
(46,46)(2,2)-1000
(46,45)(2,2)-1000
(46,44)(2,2)-1000
(45,44)(2,2)-1000
(44,44)(2,2)-1000
(44,45)(2,2)-1000
(44,46)(2,2)-1000
(45,46)(2,2)-1000
(46,46)(2,2)-1000
(46,45)(2,2)-1000
(46,44)(2,2)-1000
(45,44)(2,2)-1000
(44,44)(2,2)-1000
(44,45)(2,2)-1000
(44,46)(2,2)-1000
(45,46)(2,2)-1000
(46,46)(2,2)-1000
(46,45)(2,2)-1000
(46,44)(2,2)-1000
(45,44)(2,2)-1000
(44,44)(2,2)-1000
(44,45)(2,2)-1000
(44,46)(2,2)-1000
(45,46)(2,2)-1000
(46,46)(2,2)-1000
(46,45)(2,2)-1000
(46,44)(2,2)-1000
(45,44)(2,2)-1000
(44,44)(2,2)-1000
(44,45)(2,2)-1000
(44,46)(2,2)-1000
(45,46)(2,2)-1000
(46,46)(2,2)-1000
(46,45)(2,2)-1000
(46,44)(2,2)-1000
(45,44)(2,2)-1000
(44,44)(2,2)-1000
(44,45)(2,2)-1000
(44,46)(2,2)-1000
(45,46)(2,2)-1000
(46,46)(2,2)-1000
(46,45)(2,2)-1000
(46,44)(2,2)-1000
(45,44)(2,2)-1000
(44,44)(2,2)-1000
(44,45)(2,2)-1000
(44,46)(2,2)-1000
(45,46)(2,2)-1000
(46,46)(2,2)-1000
(46,45)(2,2)-1000
(46,44)(2,2)-1000
(45,44)(2,2)-1000
(44,44)(2,2)-1000
(44,45)(2,2)-1000
(44,46)(2,2)-1000
(45,46)(2,2)-1000
(46,46)(2,2)-1000
(46,45)(2,2)-1000
(46,44)(2,2)-1000
(45,44)(2,2)-1000
(44,44)(2,2)-1000
(44,45)(2,2)-1000
(44,46)(2,2)-1000
(45,46)(2,2)-1000
(46,46)(2,2)-1000
(46,45)(2,2)-1000
(46,44)(2,2)-1000
(45,44)(2,2)-1000
(44,44)(2,2)-1000
(44,45)(2,2)-1000
(44,46)(2,2)-1000
(45,46)(2,2)-1000
(46,46)(2,2)-1000
(46,45)(2,2)-1000
(46,44)(2,2)-1000
(45,44)(2,2)-1000
(44,44)(2,2)-1000
(44,45)(2,2)-1000
(44,46)(2,2)-1000
(45,46)(2,2)-1000
(46,46)(2,2)-1000
(46,45)(2,2)-1000
(46,44)(2,2)-1000
(45,44)(2,2)-1000
(44,44)(2,2)-1000
(44,45)(2,2)-1000
(44,46)(2,2)-1000
(45,46)(2,2)-1000
(46,46)(2,2)-1000
(46,45)(2,2)-1000
(46,44)(2,2)-1000
(45,44)(2,2)-1000
(44,44)(2,2)-1000
