(18,32)(10,10)-1000
(20,32)(8,10);(28,36)(2,2);(18,32)(2,8)-1000
(20,32)(8,10);(28,36)(2,2);(30,36)(2,2);(18,34)(2,6)-1000
(28,36)(6,2);(18,34)(2,6);(20,32)(2,8);(22,32)(6,10)-1000
(32,36)(2,2);(20,32)(8,10);(18,32)(2,8);(18,40)(2,2);(16,36)(2,2)-1000
(34,36)(2,2);(20,32)(8,10);(18,32)(2,8)-1000
(34,35)(2,2);(20,32)(8,10);(18,32)(2,8)-1000
(34,34)(2,2);(20,32)(8,10);(18,32)(2,8)-1000
(34,33)(2,2);(20,32)(8,10);(18,32)(2,8)-1000
(34,32)(2,2);(20,32)(8,10);(18,32)(2,8)-1000
(34,31)(2,2);(20,32)(8,10);(18,32)(2,8)-1000
(34,30)(2,2);(20,32)(8,10);(18,32)(2,8)-1000
(34,29)(2,2);(20,32)(8,10);(18,32)(2,8)-1000
(34,28)(2,2);(20,32)(8,10);(18,32)(2,8)-1000
(34,27)(2,2);(20,32)(8,10);(18,32)(2,8)-1000
(34,26)(2,2);(20,32)(8,10);(18,32)(2,8)-1000
