(94,4)(20,20)-1000
(94,4)(16,20);(90,12)(4,4);(110,8)(4,16)-1000
(94,4)(16,20);(90,12)(4,4);(86,12)(4,4);(110,8)(4,12)-1000
(82,12)(12,4);(110,8)(4,12);(106,8)(4,16);(94,4)(12,20)-1000
(82,12)(4,4);(94,4)(16,20);(110,8)(4,16);(110,4)(4,4);(114,12)(4,4)-1000
(78,12)(4,4);(94,4)(16,20);(110,8)(4,16)-1000
(74,12)(4,4);(94,4)(16,20);(110,8)(4,12);(90,12)(4,4)-1000
(70,12)(4,4);(110,8)(4,12);(90,12)(4,4);(94,4)(12,20);(106,8)(4,16);(86,12)(4,4)-1000
(66,12)(4,4);(82,12)(12,4);(94,4)(12,20);(106,8)(8,12)-1000
(62,12)(4,4);(94,4)(12,20);(106,8)(8,12);(106,4)(4,4);(106,20)(4,4);(82,12)(4,4);(110,4)(4,4);(110,20)(4,4)-1000
(58,12)(4,4);(94,4)(12,20);(106,8)(8,12);(106,4)(4,4);(106,20)(4,4);(78,12)(4,4)-1000
(54,12)(4,4);(94,4)(12,20);(106,4)(4,4);(106,20)(4,4);(74,12)(4,4);(106,8)(4,12);(110,12)(4,8);(90,12)(4,4)-1000
(50,12)(4,4);(94,4)(12,20);(106,4)(4,4);(106,20)(4,4);(70,12)(4,4);(86,12)(8,4);(106,8)(4,12);(110,12)(4,4)-1000
(46,12)(4,4);(94,4)(12,20);(66,12)(4,4);(106,4)(4,20);(82,12)(12,4)-1000
(42,12)(4,4);(94,4)(12,20);(62,12)(4,4);(82,12)(4,4);(106,8)(4,16);(110,8)(4,12);(106,4)(4,4);(114,12)(4,4)-1000
(38,12)(4,4);(94,4)(12,20);(58,12)(4,4);(78,12)(4,4);(106,8)(4,16);(110,8)(4,12)-1000
(34,12)(4,4);(94,4)(12,20);(54,12)(4,4);(74,12)(4,4);(106,8)(4,16);(110,12)(4,8);(90,12)(4,4)-1000
(30,12)(4,4);(94,4)(12,20);(50,12)(4,4);(70,12)(4,4);(106,8)(4,16);(86,12)(8,4);(110,12)(4,4)-1000
(26,12)(4,4);(94,4)(12,20);(46,12)(4,4);(66,12)(4,4);(82,12)(12,4);(106,8)(4,16)-1000
(22,12)(4,4);(94,4)(12,20);(42,12)(4,4);(62,12)(4,4);(106,8)(4,12);(82,12)(4,4);(110,8)(4,12);(106,4)(4,4);(106,20)(4,4)-1000
(18,12)(4,4);(94,4)(12,20);(38,12)(4,4);(58,12)(4,4);(106,8)(4,12);(78,12)(4,4);(110,8)(4,12)-1000
