(50,59)(15,15)-1000
(50,59)(15,12);(56,56)(3,3);(50,71)(12,3)-1000
(50,59)(15,12);(56,56)(3,3);(56,53)(3,3);(53,71)(9,3)-1000
(56,50)(3,9);(53,71)(9,3);(50,68)(12,3);(50,59)(15,9)-1000
(56,50)(3,3);(50,59)(15,12);(50,71)(12,3);(62,71)(3,3);(56,74)(3,3)-1000
(56,47)(3,3);(50,59)(15,12);(50,71)(12,3)-1000
(57,47)(3,3);(51,59)(15,12);(51,71)(12,3)-1000
(58,47)(3,3);(52,59)(15,12);(52,71)(12,3)-1000
(59,47)(3,3);(53,59)(15,12);(53,71)(12,3)-1000
(60,47)(3,3);(54,59)(15,12);(54,71)(12,3)-1000
(61,47)(3,3);(55,59)(15,12);(55,71)(12,3)-1000
(62,47)(3,3);(56,59)(15,12);(56,71)(12,3)-1000
(63,47)(3,3);(57,59)(15,12);(57,71)(12,3)-1000
(64,47)(3,3);(58,59)(15,12);(58,71)(12,3)-1000
(65,47)(3,3);(59,59)(15,12);(59,71)(12,3)-1000
(66,47)(3,3);(60,59)(15,12);(60,71)(12,3)-1000
(66,48)(3,3);(60,60)(15,12);(60,72)(12,3)-1000
(66,49)(3,3);(60,61)(15,12);(60,73)(12,3)-1000
(66,50)(3,3);(60,62)(15,12);(60,74)(12,3)-1000
(67,50)(3,3);(60,63)(15,12);(61,74)(12,3)-1000
(68,50)(3,3);(60,64)(15,12);(62,74)(12,3)-1000
(69,50)(3,3);(60,65)(15,12);(63,74)(12,3)-1000
(69,49)(3,3);(60,66)(15,12);(64,74)(12,3)-1000
(69,48)(3,3);(60,67)(15,12);(65,74)(12,3)-1000
(69,47)(3,3);(60,68)(15,12);(66,74)(12,3)-1000
(68,47)(3,3);(60,69)(15,12);(67,74)(12,3)-1000
(67,47)(3,3);(60,70)(15,12);(68,74)(12,3)-1000
(66,47)(3,3);(60,71)(15,12);(69,74)(12,3)-1000
(66,48)(3,3);(61,71)(15,12);(70,74)(12,3)-1000
(66,49)(3,3);(62,71)(15,12);(71,74)(12,3)-1000
(66,50)(3,3);(63,71)(15,12);(72,74)(12,3)-1000
(67,50)(3,3);(64,71)(15,12);(72,73)(12,3)-1000
(68,50)(3,3);(65,71)(15,12);(72,72)(12,3)-1000
(69,50)(3,3);(66,71)(15,12);(72,71)(12,3)-1000
(69,49)(3,3);(67,71)(15,12);(71,71)(12,3)-1000
(69,48)(3,3);(68,71)(15,12);(70,71)(12,3)-1000
(69,47)(3,3);(69,71)(15,12);(69,71)(12,3)-1000
(68,47)(3,3);(70,71)(15,12);(68,71)(12,3)-1000
(67,47)(3,3);(71,71)(15,12);(67,71)(12,3)-1000
(66,47)(3,3);(72,71)(15,12);(66,71)(12,3)-1000
(66,48)(3,3);(73,71)(15,12);(65,71)(12,3)-1000
(66,49)(3,3);(74,71)(15,12);(64,71)(12,3)-1000
(66,50)(3,3);(75,71)(15,12);(63,71)(12,3)-1000
(67,50)(3,3);(75,70)(15,12);(62,71)(12,3)-1000
(68,50)(3,3);(75,69)(15,12);(61,71)(12,3)-1000
(69,50)(3,3);(75,68)(15,12);(60,71)(12,3)-1000
(69,49)(3,3);(75,67)(15,12);(60,72)(12,3)-1000
(69,48)(3,3);(75,66)(15,12);(60,73)(12,3)-1000
(69,47)(3,3);(75,65)(15,12);(60,74)(12,3)-1000
(68,47)(3,3);(75,64)(15,12);(61,74)(12,3)-1000
(67,47)(3,3);(75,63)(15,12);(62,74)(12,3)-1000
(66,47)(3,3);(75,62)(15,12);(63,74)(12,3)-1000
(75,61)(15,12);(64,74)(12,3)-1000
(75,60)(15,12);(65,74)(12,3)-1000
(75,59)(15,12);(66,74)(12,3)-1000
(74,59)(15,12);(67,74)(12,3)-1000
(73,59)(15,12);(68,74)(12,3)-1000
(72,59)(15,12);(69,74)(12,3)-1000
(71,59)(15,12);(70,74)(12,3)-1000
(70,59)(15,12);(71,74)(12,3)-1000
(69,59)(15,12);(72,74)(12,3)-1000
(68,59)(15,12);(72,73)(12,3)-1000
(67,59)(15,12);(72,72)(12,3)-1000
(66,59)(15,12);(72,71)(12,3)-1000
(65,59)(15,12);(71,71)(12,3)-1000
(64,59)(15,12);(70,71)(12,3)-1000
(63,59)(15,12);(69,71)(12,3)-1000
(62,59)(15,12);(68,71)(12,3)-1000
(61,59)(15,12);(67,71)(12,3)-1000
(60,59)(15,12);(66,71)(12,3)-1000
(60,60)(15,12);(65,71)(12,3)-1000
(60,61)(15,12);(64,71)(12,3)-1000
(60,62)(15,12);(63,71)(12,3)-1000
(60,63)(15,12);(62,71)(12,3)-1000
(60,64)(15,12);(61,71)(12,3)-1000
(60,65)(15,12);(60,71)(12,3)-1000
(60,66)(15,12);(60,72)(12,3)-1000
(60,67)(15,12);(60,73)(12,3)-1000
(60,68)(15,12);(60,74)(12,3)-1000
(60,69)(15,12);(61,74)(12,3)-1000
(60,70)(15,12);(62,74)(12,3)-1000
(60,71)(15,12);(63,74)(12,3)-1000
(61,71)(15,12);(64,74)(12,3)-1000
(62,71)(15,12);(65,74)(12,3)-1000
(63,71)(15,12);(66,74)(12,3)-1000
(64,71)(15,12);(67,74)(12,3)-1000
(65,71)(15,12);(68,74)(12,3)-1000
(66,71)(15,12);(69,74)(12,3)-1000
(67,71)(15,12);(70,74)(12,3)-1000
(68,71)(15,12);(71,74)(12,3)-1000
(69,71)(15,12);(72,74)(12,3)-1000
(70,71)(15,12);(72,73)(12,3)-1000
(71,71)(15,12);(72,72)(12,3)-1000
(72,71)(15,12);(72,71)(12,3)-1000
(73,71)(15,12);(71,71)(12,3)-1000
(74,71)(15,12);(70,71)(12,3)-1000
(75,71)(15,12);(69,71)(12,3)-1000
(75,70)(15,12);(68,71)(12,3)-1000
(75,69)(15,12);(67,71)(12,3)-1000
(75,68)(15,12);(66,71)(12,3)-1000
(75,67)(15,12);(65,71)(12,3)-1000
(75,66)(15,12);(64,71)(12,3)-1000
(75,65)(15,12);(63,71)(12,3)-1000
(75,64)(15,12);(62,71)(12,3)-1000
(75,63)(15,12);(61,71)(12,3)-1000
(75,62)(15,12);(60,71)(12,3)-1000
(75,61)(15,12)-1000
(75,60)(15,12)-1000
(75,59)(15,12)-1000
(74,59)(15,12)-1000
(73,59)(15,12)-1000
(72,59)(15,12)-1000
(71,59)(15,12)-1000
(70,59)(15,12)-1000
(69,59)(15,12)-1000
(68,59)(15,12)-1000
(67,59)(15,12)-1000
(66,59)(15,12)-1000
(65,59)(15,12)-1000
(64,59)(15,12)-1000
(63,59)(15,12)-1000
(62,59)(15,12)-1000
(61,59)(15,12)-1000
(60,59)(15,12)-1000
(60,60)(15,12)-1000
(60,61)(15,12)-1000
(60,62)(15,12)-1000
(60,63)(15,12)-1000
(60,64)(15,12)-1000
(60,65)(15,12)-1000
(60,66)(15,12)-1000
(60,67)(15,12)-1000
(60,68)(15,12)-1000
(60,69)(15,12)-1000
(60,70)(15,12)-1000
(60,71)(15,12)-1000
(61,71)(15,12)-1000
(62,71)(15,12)-1000
(63,71)(15,12)-1000
(64,71)(15,12)-1000
(65,71)(15,12)-1000
(66,71)(15,12)-1000
(67,71)(15,12)-1000
(68,71)(15,12)-1000
(69,71)(15,12)-1000
(70,71)(15,12)-1000
(71,71)(15,12)-1000
(72,71)(15,12)-1000
(73,71)(15,12)-1000
(74,71)(15,12)-1000
(75,71)(15,12)-1000
(75,70)(15,12)-1000
(75,69)(15,12)-1000
(75,68)(15,12)-1000
(75,67)(15,12)-1000
(75,66)(15,12)-1000
(75,65)(15,12)-1000
(75,64)(15,12)-1000
(75,63)(15,12)-1000
(75,62)(15,12)-1000
(75,61)(15,12)-1000
(75,60)(15,12)-1000
(75,59)(15,12)-1000
(74,59)(15,12)-1000
(73,59)(15,12)-1000
(72,59)(15,12)-1000
(71,59)(15,12)-1000
(70,59)(15,12)-1000
(69,59)(15,12)-1000
(68,59)(15,12)-1000
(67,59)(15,12)-1000
(66,59)(15,12)-1000
(65,59)(15,12)-1000
(64,59)(15,12)-1000
(63,59)(15,12)-1000
(62,59)(15,12)-1000
(61,59)(15,12)-1000
(60,59)(15,12)-1000
(60,60)(15,12)-1000
(60,61)(15,12)-1000
(60,62)(15,12)-1000
(60,63)(15,12)-1000
(60,64)(15,12)-1000
