(30,20)(2,2);(30,40)(2,2);(18,22)(10,10);(18,42)(10,10)-1000
(30,20)(2,2);(30,40)(2,2);(20,22)(8,10);(28,26)(2,2);(18,22)(2,8);(20,42)(8,10);(28,46)(2,2);(18,42)(2,8)-1000
(30,20)(2,2);(30,40)(2,2);(20,22)(8,10);(28,26)(2,2);(30,26)(2,2);(18,24)(2,6);(20,42)(8,10);(28,46)(2,2);(30,46)(2,2);(18,44)(2,6)-1000
(30,20)(2,2);(30,40)(2,2);(28,26)(6,2);(18,24)(2,6);(20,22)(2,8);(22,22)(6,10);(28,46)(6,2);(18,44)(2,6);(20,42)(2,8);(22,42)(6,10)-1000
(30,20)(2,2);(30,40)(2,2);(32,26)(2,2);(20,22)(8,10);(18,22)(2,8);(18,30)(2,2);(16,26)(2,2);(32,46)(2,2);(20,42)(8,10);(18,42)(2,8);(18,50)(2,2);(16,46)(2,2)-1000
(30,20)(2,2);(30,40)(2,2);(34,26)(2,2);(20,22)(8,10);(18,22)(2,8);(34,46)(2,2);(20,42)(8,10);(18,42)(2,8)-1000
(34,45)(2,2);(20,41)(8,10);(18,41)(2,8);(30,20)(2,2);(30,40)(2,2);(34,26)(2,2);(20,22)(8,10);(18,22)(2,8)-1000
(34,44)(2,2);(20,40)(8,10);(18,40)(2,8);(30,20)(2,2);(30,40)(2,2);(34,26)(2,2);(20,22)(8,10);(18,22)(2,8)-1000
(34,43)(2,2);(20,39)(8,10);(18,39)(2,8);(30,20)(2,2);(30,40)(2,2);(34,26)(2,2);(20,22)(8,10);(18,22)(2,8)-1000
(34,42)(2,2);(20,38)(8,10);(18,38)(2,8);(30,20)(2,2);(30,40)(2,2);(34,26)(2,2);(20,22)(8,10);(18,22)(2,8)-1000
(34,41)(2,2);(20,37)(8,10);(18,37)(2,8);(30,20)(2,2);(30,40)(2,2);(34,26)(2,2);(20,22)(8,10);(18,22)(2,8)-1000
(34,40)(2,2);(20,36)(8,10);(18,36)(2,8);(30,20)(2,2);(30,40)(2,2);(34,26)(2,2);(20,22)(8,10);(18,22)(2,8)-1000
(34,39)(2,2);(20,35)(8,10);(18,35)(2,8);(30,20)(2,2);(30,40)(2,2);(34,26)(2,2);(20,22)(8,10);(18,22)(2,8)-1000
(34,38)(2,2);(20,34)(8,10);(18,34)(2,8);(30,20)(2,2);(30,40)(2,2);(34,26)(2,2);(20,22)(8,10);(18,22)(2,8)-1000
(34,37)(2,2);(20,33)(8,10);(18,33)(2,8);(30,20)(2,2);(30,40)(2,2);(34,26)(2,2);(20,22)(8,10);(18,22)(2,8)-1000
(34,36)(2,2);(20,32)(8,10);(18,32)(2,8);(30,20)(2,2);(30,40)(2,2);(34,26)(2,2);(20,22)(8,10);(18,22)(2,8)-1000
(34,27)(2,2);(34,35)(2,2);(20,22)(8,20);(18,23)(2,8);(18,31)(2,8);(30,20)(2,2);(30,40)(2,2)-1000
(34,28)(2,2);(34,34)(2,2);(18,23)(2,16);(30,20)(2,2);(30,40)(2,2)-1000
(34,29)(2,2);(34,33)(2,2);(30,20)(2,2);(30,40)(2,2)-1000
(34,30)(2,2);(34,32)(2,2);(30,20)(2,2);(30,40)(2,2)-1000
(34,30)(2,4);(30,20)(2,2);(30,40)(2,2)-1000
