(18,22)(10,10);(18,42)(10,10)-1000
(20,22)(8,10);(28,26)(2,2);(18,22)(2,8);(20,42)(8,10);(28,46)(2,2);(18,42)(2,8)-1000
(20,22)(8,10);(28,26)(2,2);(30,26)(2,2);(18,24)(2,6);(20,42)(8,10);(28,46)(2,2);(30,46)(2,2);(18,44)(2,6)-1000
(28,26)(6,2);(18,24)(2,6);(20,22)(2,8);(22,22)(6,10);(28,46)(6,2);(18,44)(2,6);(20,42)(2,8);(22,42)(6,10)-1000
(32,26)(2,2);(20,22)(8,10);(18,22)(2,8);(18,30)(2,2);(16,26)(2,2);(32,46)(2,2);(20,42)(8,10);(18,42)(2,8);(18,50)(2,2);(16,46)(2,2)-1000
(34,26)(2,2);(20,22)(8,10);(18,22)(2,8);(34,46)(2,2);(20,42)(8,10);(18,42)(2,8)-1000
(20,41)(8,10);(34,26)(2,2);(20,22)(8,10);(18,22)(2,8);(34,46)(2,2);(18,42)(2,8)-1000
(20,40)(8,10);(34,26)(2,2);(20,22)(8,10);(18,22)(2,8);(34,46)(2,2);(18,42)(2,8)-1000
(20,39)(8,10);(34,26)(2,2);(20,22)(8,10);(18,22)(2,8);(34,46)(2,2);(18,42)(2,8)-1000
(20,38)(8,10);(34,26)(2,2);(20,22)(8,10);(18,22)(2,8);(34,46)(2,2);(18,42)(2,8)-1000
(20,37)(8,10);(34,26)(2,2);(20,22)(8,10);(18,22)(2,8);(34,46)(2,2);(18,42)(2,8)-1000
(20,36)(8,10);(34,26)(2,2);(20,22)(8,10);(18,22)(2,8);(34,46)(2,2);(18,42)(2,8)-1000
(20,35)(8,10);(34,26)(2,2);(20,22)(8,10);(18,22)(2,8);(34,46)(2,2);(18,42)(2,8)-1000
(20,34)(8,10);(34,26)(2,2);(20,22)(8,10);(18,22)(2,8);(34,46)(2,2);(18,42)(2,8)-1000
(20,33)(8,10);(34,26)(2,2);(20,22)(8,10);(18,22)(2,8);(34,46)(2,2);(18,42)(2,8)-1000
(20,32)(8,10);(34,26)(2,2);(20,22)(8,10);(18,22)(2,8);(34,46)(2,2);(18,42)(2,8)-1000
(20,22)(8,20);(34,26)(2,2);(18,22)(2,8);(34,46)(2,2);(18,42)(2,8)-1000
