(44,40)(2,2)-1000
(28,42)(10,10);(44,40)(2,2)-1000
(30,42)(8,10);(38,46)(2,2);(28,42)(2,8);(44,40)(2,2)-1000
(30,42)(8,10);(38,46)(2,2);(40,46)(2,2);(28,44)(2,6);(44,40)(2,2)-1000
(38,46)(6,2);(28,44)(2,6);(30,42)(2,8);(32,42)(6,10);(44,40)(2,2)-1000
(42,46)(2,2);(30,42)(8,10);(28,42)(2,8);(28,50)(2,2);(26,46)(2,2);(44,40)(2,2)-1000
(44,46)(2,2);(30,42)(8,10);(28,42)(2,8);(44,40)(2,2)-1000
(44,41)(2,2);(44,45)(2,2);(30,42)(8,10);(28,42)(2,8)-1000
(44,42)(2,2);(44,44)(2,2);(30,42)(8,10);(28,42)(2,8)-1000
(44,42)(2,4);(30,42)(8,10);(28,42)(2,8)-1000
