(8,22)(10,10)-1000
(10,22)(8,10);(18,26)(2,2);(8,22)(2,8)-1000
(10,22)(8,10);(18,26)(2,2);(20,26)(2,2);(8,24)(2,6)-1000
(18,26)(6,2);(8,24)(2,6);(10,22)(2,8);(12,22)(6,10)-1000
(22,26)(2,2);(10,22)(8,10);(8,22)(2,8);(8,30)(2,2);(6,26)(2,2)-1000
(24,26)(2,2);(10,22)(8,10);(8,22)(2,8)-1000
(26,26)(2,2);(10,22)(8,10);(8,24)(2,6);(18,26)(2,2)-1000
(28,26)(2,2);(8,24)(2,6);(18,26)(2,2);(12,22)(6,10);(10,22)(2,8);(20,26)(2,2)-1000
(30,26)(2,2);(18,26)(6,2);(12,22)(6,10);(8,24)(4,6)-1000
(32,26)(2,2);(12,22)(6,10);(8,24)(4,6);(10,30)(2,2);(10,22)(2,2);(22,26)(2,2);(8,30)(2,2);(8,22)(2,2)-1000
(34,26)(2,2);(12,22)(6,10);(8,24)(4,6);(10,30)(2,2);(10,22)(2,2);(24,26)(2,2)-1000
(36,26)(2,2);(12,22)(6,10);(10,30)(2,2);(10,22)(2,2);(26,26)(2,2);(10,24)(2,6);(8,24)(2,4);(18,26)(2,2)-1000
(38,26)(2,2);(12,22)(6,10);(10,30)(2,2);(10,22)(2,2);(28,26)(2,2);(18,26)(4,2);(10,24)(2,6);(8,26)(2,2)-1000
(40,26)(2,2);(12,22)(6,10);(30,26)(2,2);(10,22)(2,10);(18,26)(6,2)-1000
(42,26)(2,2);(12,22)(6,10);(32,26)(2,2);(22,26)(2,2);(10,22)(2,8);(8,24)(2,6);(10,30)(2,2);(6,26)(2,2)-1000
(44,26)(2,2);(12,22)(6,10);(34,26)(2,2);(24,26)(2,2);(10,22)(2,8);(8,24)(2,6)-1000
(46,26)(2,2);(12,22)(6,10);(36,26)(2,2);(26,26)(2,2);(10,22)(2,8);(8,24)(2,4);(18,26)(2,2)-1000
(48,26)(2,2);(12,22)(6,10);(38,26)(2,2);(28,26)(2,2);(10,22)(2,8);(18,26)(4,2);(8,26)(2,2)-1000
(50,26)(2,2);(12,22)(6,10);(40,26)(2,2);(30,26)(2,2);(18,26)(6,2);(10,22)(2,8)-1000
(52,26)(2,2);(12,22)(6,10);(42,26)(2,2);(32,26)(2,2);(10,24)(2,6);(22,26)(2,2);(8,24)(2,6);(10,30)(2,2);(10,22)(2,2)-1000
(54,26)(2,2);(12,22)(6,10);(44,26)(2,2);(34,26)(2,2);(10,24)(2,6);(24,26)(2,2);(8,24)(2,6)-1000
(8,42)(10,10);(54,26)(2,2);(12,22)(6,10);(44,26)(2,2);(34,26)(2,2);(10,24)(2,6);(24,26)(2,2);(8,24)(2,6)-1000
(10,42)(8,10);(18,46)(2,2);(8,42)(2,8);(54,26)(2,2);(12,22)(6,10);(44,26)(2,2);(34,26)(2,2);(10,24)(2,6);(24,26)(2,2);(8,24)(2,6)-1000
(10,42)(8,10);(18,46)(2,2);(20,46)(2,2);(8,44)(2,6);(54,26)(2,2);(12,22)(6,10);(44,26)(2,2);(34,26)(2,2);(10,24)(2,6);(24,26)(2,2);(8,24)(2,6)-1000
(18,46)(6,2);(8,44)(2,6);(10,42)(2,8);(12,42)(6,10);(54,26)(2,2);(12,22)(6,10);(44,26)(2,2);(34,26)(2,2);(10,24)(2,6);(24,26)(2,2);(8,24)(2,6)-1000
(22,46)(2,2);(10,42)(8,10);(8,42)(2,8);(8,50)(2,2);(6,46)(2,2);(54,26)(2,2);(12,22)(6,10);(44,26)(2,2);(34,26)(2,2);(10,24)(2,6);(24,26)(2,2);(8,24)(2,6)-1000
(24,46)(2,2);(10,42)(8,10);(8,42)(2,8);(54,26)(2,2);(12,22)(6,10);(44,26)(2,2);(34,26)(2,2);(10,24)(2,6);(24,26)(2,2);(8,24)(2,6)-1000
(26,46)(2,2);(10,42)(8,10);(8,44)(2,6);(18,46)(2,2);(54,26)(2,2);(12,22)(6,10);(44,26)(2,2);(34,26)(2,2);(10,24)(2,6);(24,26)(2,2);(8,24)(2,6)-1000
(28,46)(2,2);(8,44)(2,6);(18,46)(2,2);(12,42)(6,10);(10,42)(2,8);(20,46)(2,2);(54,26)(2,2);(12,22)(6,10);(44,26)(2,2);(34,26)(2,2);(10,24)(2,6);(24,26)(2,2);(8,24)(2,6)-1000
(30,46)(2,2);(18,46)(6,2);(12,42)(6,10);(8,44)(4,6);(54,26)(2,2);(12,22)(6,10);(44,26)(2,2);(34,26)(2,2);(10,24)(2,6);(24,26)(2,2);(8,24)(2,6)-1000
(32,46)(2,2);(12,42)(6,10);(8,44)(4,6);(10,50)(2,2);(10,42)(2,2);(22,46)(2,2);(8,50)(2,2);(8,42)(2,2);(54,26)(2,2);(12,22)(6,10);(44,26)(2,2);(34,26)(2,2);(10,24)(2,6);(24,26)(2,2);(8,24)(2,6)-1000
(34,46)(2,2);(12,42)(6,10);(8,44)(4,6);(10,50)(2,2);(10,42)(2,2);(24,46)(2,2);(54,26)(2,2);(12,22)(6,10);(44,26)(2,2);(34,26)(2,2);(10,24)(2,6);(24,26)(2,2);(8,24)(2,6)-1000
(36,46)(2,2);(12,42)(6,10);(10,50)(2,2);(10,42)(2,2);(26,46)(2,2);(10,44)(2,6);(8,44)(2,4);(18,46)(2,2);(54,26)(2,2);(12,22)(6,10);(44,26)(2,2);(34,26)(2,2);(10,24)(2,6);(24,26)(2,2);(8,24)(2,6)-1000
(38,46)(2,2);(12,42)(6,10);(10,50)(2,2);(10,42)(2,2);(28,46)(2,2);(18,46)(4,2);(10,44)(2,6);(8,46)(2,2);(54,26)(2,2);(12,22)(6,10);(44,26)(2,2);(34,26)(2,2);(10,24)(2,6);(24,26)(2,2);(8,24)(2,6)-1000
(40,46)(2,2);(12,42)(6,10);(30,46)(2,2);(10,42)(2,10);(18,46)(6,2);(54,26)(2,2);(12,22)(6,10);(44,26)(2,2);(34,26)(2,2);(10,24)(2,6);(24,26)(2,2);(8,24)(2,6)-1000
(42,46)(2,2);(12,42)(6,10);(32,46)(2,2);(22,46)(2,2);(10,42)(2,8);(8,44)(2,6);(10,50)(2,2);(6,46)(2,2);(54,26)(2,2);(12,22)(6,10);(44,26)(2,2);(34,26)(2,2);(10,24)(2,6);(24,26)(2,2);(8,24)(2,6)-1000
(44,46)(2,2);(12,42)(6,10);(34,46)(2,2);(24,46)(2,2);(10,42)(2,8);(8,44)(2,6);(54,26)(2,2);(12,22)(6,10);(44,26)(2,2);(34,26)(2,2);(10,24)(2,6);(24,26)(2,2);(8,24)(2,6)-1000
(46,46)(2,2);(12,42)(6,10);(36,46)(2,2);(26,46)(2,2);(10,42)(2,8);(8,44)(2,4);(18,46)(2,2);(54,26)(2,2);(12,22)(6,10);(44,26)(2,2);(34,26)(2,2);(10,24)(2,6);(24,26)(2,2);(8,24)(2,6)-1000
(48,46)(2,2);(12,42)(6,10);(38,46)(2,2);(28,46)(2,2);(10,42)(2,8);(18,46)(4,2);(8,46)(2,2);(54,26)(2,2);(12,22)(6,10);(44,26)(2,2);(34,26)(2,2);(10,24)(2,6);(24,26)(2,2);(8,24)(2,6)-1000
(50,46)(2,2);(12,42)(6,10);(40,46)(2,2);(30,46)(2,2);(18,46)(6,2);(10,42)(2,8);(54,26)(2,2);(12,22)(6,10);(44,26)(2,2);(34,26)(2,2);(10,24)(2,6);(24,26)(2,2);(8,24)(2,6)-1000
(52,46)(2,2);(12,42)(6,10);(42,46)(2,2);(32,46)(2,2);(10,44)(2,6);(22,46)(2,2);(8,44)(2,6);(10,50)(2,2);(10,42)(2,2);(54,26)(2,2);(12,22)(6,10);(44,26)(2,2);(34,26)(2,2);(10,24)(2,6);(24,26)(2,2);(8,24)(2,6)-1000
(54,46)(2,2);(12,42)(6,10);(44,46)(2,2);(34,46)(2,2);(10,44)(2,6);(24,46)(2,2);(8,44)(2,6);(54,26)(2,2);(12,22)(6,10);(44,26)(2,2);(34,26)(2,2);(10,24)(2,6);(24,26)(2,2);(8,24)(2,6)-1000
(24,27)(2,2);(34,27)(2,2);(44,27)(2,2);(54,27)(2,2);(12,22)(6,10);(10,24)(2,6);(8,24)(2,6);(54,46)(2,2);(12,42)(6,10);(44,46)(2,2);(34,46)(2,2);(10,44)(2,6);(24,46)(2,2);(8,44)(2,6)-1000
(24,28)(2,2);(34,28)(2,2);(44,28)(2,2);(54,28)(2,2);(12,22)(6,10);(10,24)(2,6);(8,24)(2,6);(54,46)(2,2);(12,42)(6,10);(44,46)(2,2);(34,46)(2,2);(10,44)(2,6);(24,46)(2,2);(8,44)(2,6)-1000
(24,29)(2,2);(34,29)(2,2);(44,29)(2,2);(54,29)(2,2);(12,22)(6,10);(10,24)(2,6);(8,24)(2,6);(54,46)(2,2);(12,42)(6,10);(44,46)(2,2);(34,46)(2,2);(10,44)(2,6);(24,46)(2,2);(8,44)(2,6)-1000
(24,30)(2,2);(34,30)(2,2);(44,30)(2,2);(54,30)(2,2);(12,22)(6,10);(10,24)(2,6);(8,24)(2,6);(54,46)(2,2);(12,42)(6,10);(44,46)(2,2);(34,46)(2,2);(10,44)(2,6);(24,46)(2,2);(8,44)(2,6)-1000
(24,31)(2,2);(34,31)(2,2);(44,31)(2,2);(54,31)(2,2);(12,22)(6,10);(10,24)(2,6);(8,24)(2,6);(54,46)(2,2);(12,42)(6,10);(44,46)(2,2);(34,46)(2,2);(10,44)(2,6);(24,46)(2,2);(8,44)(2,6)-1000
(24,32)(2,2);(34,32)(2,2);(44,32)(2,2);(54,32)(2,2);(12,22)(6,10);(10,24)(2,6);(8,24)(2,6);(54,46)(2,2);(12,42)(6,10);(44,46)(2,2);(34,46)(2,2);(10,44)(2,6);(24,46)(2,2);(8,44)(2,6)-1000
(24,33)(2,2);(34,33)(2,2);(44,33)(2,2);(54,33)(2,2);(12,22)(6,10);(10,24)(2,6);(8,24)(2,6);(54,46)(2,2);(12,42)(6,10);(44,46)(2,2);(34,46)(2,2);(10,44)(2,6);(24,46)(2,2);(8,44)(2,6)-1000
(24,34)(2,2);(34,34)(2,2);(44,34)(2,2);(54,34)(2,2);(12,22)(6,10);(10,24)(2,6);(8,24)(2,6);(54,46)(2,2);(12,42)(6,10);(44,46)(2,2);(34,46)(2,2);(10,44)(2,6);(24,46)(2,2);(8,44)(2,6)-1000
(24,35)(2,2);(34,35)(2,2);(44,35)(2,2);(54,35)(2,2);(12,22)(6,10);(10,24)(2,6);(8,24)(2,6);(54,46)(2,2);(12,42)(6,10);(44,46)(2,2);(34,46)(2,2);(10,44)(2,6);(24,46)(2,2);(8,44)(2,6)-1000
(24,36)(2,2);(34,36)(2,2);(44,36)(2,2);(54,36)(2,2);(12,22)(6,10);(10,24)(2,6);(8,24)(2,6);(54,46)(2,2);(12,42)(6,10);(44,46)(2,2);(34,46)(2,2);(10,44)(2,6);(24,46)(2,2);(8,44)(2,6)-1000
(24,37)(2,2);(24,45)(2,2);(34,37)(2,2);(34,45)(2,2);(44,37)(2,2);(44,45)(2,2);(54,37)(2,2);(54,45)(2,2);(12,22)(6,10);(10,24)(2,6);(8,24)(2,6);(12,42)(6,10);(10,44)(2,6);(8,44)(2,6)-1000
(24,38)(2,2);(24,44)(2,2);(34,38)(2,2);(34,44)(2,2);(44,38)(2,2);(44,44)(2,2);(54,38)(2,2);(54,44)(2,2);(12,22)(6,10);(10,24)(2,6);(8,24)(2,6);(12,42)(6,10);(10,44)(2,6);(8,44)(2,6)-1000
(24,39)(2,2);(24,43)(2,2);(34,39)(2,2);(34,43)(2,2);(44,39)(2,2);(44,43)(2,2);(54,39)(2,2);(54,43)(2,2);(12,22)(6,10);(10,24)(2,6);(8,24)(2,6);(12,42)(6,10);(10,44)(2,6);(8,44)(2,6)-1000
(24,40)(2,2);(24,42)(2,2);(34,40)(2,2);(34,42)(2,2);(44,40)(2,2);(44,42)(2,2);(54,40)(2,2);(54,42)(2,2);(12,22)(6,10);(10,24)(2,6);(8,24)(2,6);(12,42)(6,10);(10,44)(2,6);(8,44)(2,6)-1000
(24,40)(2,4);(34,40)(2,4);(44,40)(2,4);(54,40)(2,4);(12,22)(6,10);(10,24)(2,6);(8,24)(2,6);(12,42)(6,10);(10,44)(2,6);(8,44)(2,6)-1000
(24,41)(2,4);(34,41)(2,4);(44,41)(2,4);(54,41)(2,4);(12,22)(6,10);(10,24)(2,6);(8,24)(2,6);(12,42)(6,10);(10,44)(2,6);(8,44)(2,6)-1000
(24,42)(2,4);(34,42)(2,4);(44,42)(2,4);(54,42)(2,4);(12,22)(6,10);(10,24)(2,6);(8,24)(2,6);(12,42)(6,10);(10,44)(2,6);(8,44)(2,6)-1000
(24,43)(2,4);(34,43)(2,4);(44,43)(2,4);(54,43)(2,4);(12,22)(6,10);(10,24)(2,6);(8,24)(2,6);(12,42)(6,10);(10,44)(2,6);(8,44)(2,6)-1000
(24,44)(2,4);(34,44)(2,4);(44,44)(2,4);(54,44)(2,4);(12,22)(6,10);(10,24)(2,6);(8,24)(2,6);(12,42)(6,10);(10,44)(2,6);(8,44)(2,6)-1000
(25,44)(2,4);(35,44)(2,4);(45,44)(2,4);(55,44)(2,4);(12,22)(6,10);(10,24)(2,6);(8,24)(2,6);(12,42)(6,10);(10,44)(2,6);(8,44)(2,6)-1000
(26,44)(2,4);(36,44)(2,4);(46,44)(2,4);(56,44)(2,4);(12,22)(6,10);(10,24)(2,6);(8,24)(2,6);(12,42)(6,10);(10,44)(2,6);(8,44)(2,6)-1000
(26,43)(2,4);(36,43)(2,4);(46,43)(2,4);(56,43)(2,4);(12,22)(6,10);(10,24)(2,6);(8,24)(2,6);(12,42)(6,10);(10,44)(2,6);(8,44)(2,6)-1000
(26,42)(2,4);(36,42)(2,4);(46,42)(2,4);(56,42)(2,4);(12,22)(6,10);(10,24)(2,6);(8,24)(2,6);(12,42)(6,10);(10,44)(2,6);(8,44)(2,6)-1000
(26,41)(2,4);(36,41)(2,4);(46,41)(2,4);(56,41)(2,4);(12,22)(6,10);(10,24)(2,6);(8,24)(2,6);(12,42)(6,10);(10,44)(2,6);(8,44)(2,6)-1000
(26,40)(2,4);(36,40)(2,4);(46,40)(2,4);(56,40)(2,4);(12,22)(6,10);(10,24)(2,6);(8,24)(2,6);(12,42)(6,10);(10,44)(2,6);(8,44)(2,6)-1000
(25,40)(2,4);(35,40)(2,4);(45,40)(2,4);(55,40)(2,4);(12,22)(6,10);(10,24)(2,6);(8,24)(2,6);(12,42)(6,10);(10,44)(2,6);(8,44)(2,6)-1000
(24,40)(2,4);(34,40)(2,4);(44,40)(2,4);(54,40)(2,4);(12,22)(6,10);(10,24)(2,6);(8,24)(2,6);(12,42)(6,10);(10,44)(2,6);(8,44)(2,6)-1000
(24,41)(2,4);(34,41)(2,4);(44,41)(2,4);(54,41)(2,4);(12,22)(6,10);(10,24)(2,6);(8,24)(2,6);(12,42)(6,10);(10,44)(2,6);(8,44)(2,6)-1000
(24,42)(2,4);(34,42)(2,4);(44,42)(2,4);(54,42)(2,4);(12,22)(6,10);(10,24)(2,6);(8,24)(2,6);(12,42)(6,10);(10,44)(2,6);(8,44)(2,6)-1000
(24,43)(2,4);(34,43)(2,4);(44,43)(2,4);(54,43)(2,4);(12,22)(6,10);(10,24)(2,6);(8,24)(2,6);(12,42)(6,10);(10,44)(2,6);(8,44)(2,6)-1000
(24,44)(2,4);(34,44)(2,4);(44,44)(2,4);(54,44)(2,4);(12,22)(6,10);(10,24)(2,6);(8,24)(2,6);(12,42)(6,10);(10,44)(2,6);(8,44)(2,6)-1000
(25,44)(2,4);(35,44)(2,4);(45,44)(2,4);(55,44)(2,4);(12,22)(6,10);(10,24)(2,6);(8,24)(2,6);(12,42)(6,10);(10,44)(2,6);(8,44)(2,6)-1000
(26,44)(2,4);(36,44)(2,4);(46,44)(2,4);(56,44)(2,4);(12,22)(6,10);(10,24)(2,6);(8,24)(2,6);(12,42)(6,10);(10,44)(2,6);(8,44)(2,6)-1000
(26,43)(2,4);(36,43)(2,4);(46,43)(2,4);(56,43)(2,4);(12,22)(6,10);(10,24)(2,6);(8,24)(2,6);(12,42)(6,10);(10,44)(2,6);(8,44)(2,6)-1000
(26,42)(2,4);(36,42)(2,4);(46,42)(2,4);(56,42)(2,4);(12,22)(6,10);(10,24)(2,6);(8,24)(2,6);(12,42)(6,10);(10,44)(2,6);(8,44)(2,6)-1000
(26,41)(2,4);(36,41)(2,4);(46,41)(2,4);(56,41)(2,4);(12,22)(6,10);(10,24)(2,6);(8,24)(2,6);(12,42)(6,10);(10,44)(2,6);(8,44)(2,6)-1000
(26,40)(2,4);(36,40)(2,4);(46,40)(2,4);(56,40)(2,4);(12,22)(6,10);(10,24)(2,6);(8,24)(2,6);(12,42)(6,10);(10,44)(2,6);(8,44)(2,6)-1000
(25,40)(2,4);(35,40)(2,4);(45,40)(2,4);(55,40)(2,4);(12,22)(6,10);(10,24)(2,6);(8,24)(2,6);(12,42)(6,10);(10,44)(2,6);(8,44)(2,6)-1000
(24,40)(2,4);(34,40)(2,4);(44,40)(2,4);(54,40)(2,4);(12,22)(6,10);(10,24)(2,6);(8,24)(2,6);(12,42)(6,10);(10,44)(2,6);(8,44)(2,6)-1000
(24,41)(2,4);(34,41)(2,4);(44,41)(2,4);(54,41)(2,4);(12,22)(6,10);(10,24)(2,6);(8,24)(2,6);(12,42)(6,10);(10,44)(2,6);(8,44)(2,6)-1000
(24,42)(2,4);(34,42)(2,4);(44,42)(2,4);(54,42)(2,4);(12,22)(6,10);(10,24)(2,6);(8,24)(2,6);(12,42)(6,10);(10,44)(2,6);(8,44)(2,6)-1000
(24,43)(2,4);(34,43)(2,4);(44,43)(2,4);(54,43)(2,4);(12,22)(6,10);(10,24)(2,6);(8,24)(2,6);(12,42)(6,10);(10,44)(2,6);(8,44)(2,6)-1000
(24,44)(2,4);(34,44)(2,4);(44,44)(2,4);(54,44)(2,4);(12,22)(6,10);(10,24)(2,6);(8,24)(2,6);(12,42)(6,10);(10,44)(2,6);(8,44)(2,6)-1000
(25,44)(2,4);(35,44)(2,4);(45,44)(2,4);(55,44)(2,4);(12,22)(6,10);(10,24)(2,6);(8,24)(2,6);(12,42)(6,10);(10,44)(2,6);(8,44)(2,6)-1000
(26,44)(2,4);(36,44)(2,4);(46,44)(2,4);(56,44)(2,4);(12,22)(6,10);(10,24)(2,6);(8,24)(2,6);(12,42)(6,10);(10,44)(2,6);(8,44)(2,6)-1000
(26,43)(2,4);(36,43)(2,4);(46,43)(2,4);(56,43)(2,4);(12,22)(6,10);(10,24)(2,6);(8,24)(2,6);(12,42)(6,10);(10,44)(2,6);(8,44)(2,6)-1000
(26,42)(2,4);(36,42)(2,4);(46,42)(2,4);(56,42)(2,4);(12,22)(6,10);(10,24)(2,6);(8,24)(2,6);(12,42)(6,10);(10,44)(2,6);(8,44)(2,6)-1000
(26,41)(2,4);(36,41)(2,4);(46,41)(2,4);(56,41)(2,4);(12,22)(6,10);(10,24)(2,6);(8,24)(2,6);(12,42)(6,10);(10,44)(2,6);(8,44)(2,6)-1000
(26,40)(2,4);(36,40)(2,4);(46,40)(2,4);(56,40)(2,4);(12,22)(6,10);(10,24)(2,6);(8,24)(2,6);(12,42)(6,10);(10,44)(2,6);(8,44)(2,6)-1000
(25,40)(2,4);(35,40)(2,4);(45,40)(2,4);(55,40)(2,4);(12,22)(6,10);(10,24)(2,6);(8,24)(2,6);(12,42)(6,10);(10,44)(2,6);(8,44)(2,6)-1000
(24,40)(2,4);(34,40)(2,4);(44,40)(2,4);(54,40)(2,4);(12,22)(6,10);(10,24)(2,6);(8,24)(2,6);(12,42)(6,10);(10,44)(2,6);(8,44)(2,6)-1000
