(10,10)(1,1)-1000
(10,10)(2,1)-1000
(10,10)(1,1);(11,10)(1,1)-1000
(10,10)(1,1);(11,10)(2,1)-1000
(10,10)(1,1);(11,10)(1,1);(12,10)(1,1)-1000
(10,10)(1,1);(11,10)(1,1);(12,10)(2,1)-1000
(10,10)(1,1);(11,10)(1,1);(12,10)(1,1);(13,10)(1,1)-1000
(10,10)(1,1);(11,10)(1,1);(12,10)(1,1);(13,10)(2,1)-1000
(10,10)(1,1);(11,10)(1,1);(12,10)(1,1);(13,10)(1,1);(14,10)(1,1)-1000
(10,10)(1,1);(11,10)(1,1);(12,10)(1,1);(13,10)(1,1);(14,10)(2,1)-1000
(10,10)(1,1);(11,10)(1,1);(12,10)(1,1);(13,10)(1,1);(14,10)(1,1);(15,10)(1,1)-1000
(10,10)(1,1);(11,10)(1,1);(12,10)(1,1);(13,10)(1,1);(14,10)(1,1);(15,10)(2,1)-1000
(10,10)(1,1);(11,10)(1,1);(12,10)(1,1);(13,10)(1,1);(14,10)(1,1);(15,10)(1,1);(16,10)(1,1)-1000
(10,10)(1,1);(11,10)(1,1);(12,10)(1,1);(13,10)(1,1);(14,10)(1,1);(15,10)(1,1);(16,10)(2,1)-1000
(10,10)(1,1);(11,10)(1,1);(12,10)(1,1);(13,10)(1,1);(14,10)(1,1);(15,10)(1,1);(16,10)(1,1);(17,10)(1,1)-1000
(10,10)(1,1);(11,10)(1,1);(12,10)(1,1);(13,10)(1,1);(14,10)(1,1);(15,10)(1,1);(16,10)(1,1);(17,10)(2,1)-1000
(10,10)(1,1);(11,10)(1,1);(12,10)(1,1);(13,10)(1,1);(14,10)(1,1);(15,10)(1,1);(16,10)(1,1);(17,10)(1,1);(18,10)(1,1)-1000
(10,10)(1,1);(11,10)(1,1);(12,10)(1,1);(13,10)(1,1);(14,10)(1,1);(15,10)(1,1);(16,10)(1,1);(17,10)(1,1);(18,10)(2,1)-1000
(10,10)(1,1);(11,10)(1,1);(12,10)(1,1);(13,10)(1,1);(14,10)(1,1);(15,10)(1,1);(16,10)(1,1);(17,10)(1,1);(18,10)(1,1);(19,10)(1,1)-1000
(10,10)(1,1);(11,10)(1,1);(12,10)(1,1);(13,10)(1,1);(14,10)(1,1);(15,10)(1,1);(16,10)(1,1);(17,10)(1,1);(18,10)(1,1);(19,10)(2,1)-1000
(10,10)(1,1);(11,10)(1,1);(12,10)(1,1);(13,10)(1,1);(14,10)(1,1);(15,10)(1,1);(16,10)(1,1);(17,10)(1,1);(18,10)(1,1);(19,10)(1,1);(20,10)(1,1)-1000
(10,10)(1,1);(11,10)(1,1);(12,10)(1,1);(13,10)(1,1);(14,10)(1,1);(15,10)(1,1);(16,10)(1,1);(17,10)(1,1);(18,10)(1,1);(19,10)(1,1);(20,10)(2,1)-1000
(10,10)(1,1);(11,10)(1,1);(12,10)(1,1);(13,10)(1,1);(14,10)(1,1);(15,10)(1,1);(16,10)(1,1);(17,10)(1,1);(18,10)(1,1);(19,10)(1,1);(20,10)(1,1);(21,10)(1,1)-1000
(10,10)(1,1);(11,10)(1,1);(12,10)(1,1);(13,10)(1,1);(14,10)(1,1);(15,10)(1,1);(16,10)(1,1);(17,10)(1,1);(18,10)(1,1);(19,10)(1,1);(20,10)(1,1);(21,10)(2,1)-1000
(10,10)(1,1);(11,10)(1,1);(12,10)(1,1);(13,10)(1,1);(14,10)(1,1);(15,10)(1,1);(16,10)(1,1);(17,10)(1,1);(18,10)(1,1);(19,10)(1,1);(20,10)(1,1);(21,10)(1,1);(22,10)(1,1)-1000
(10,10)(1,1);(11,10)(1,1);(12,10)(1,1);(13,10)(1,1);(14,10)(1,1);(15,10)(1,1);(16,10)(1,1);(17,10)(1,1);(18,10)(1,1);(19,10)(1,1);(20,10)(1,1);(21,10)(1,1);(22,10)(2,1)-1000
(10,10)(1,1);(11,10)(1,1);(12,10)(1,1);(13,10)(1,1);(14,10)(1,1);(15,10)(1,1);(16,10)(1,1);(17,10)(1,1);(18,10)(1,1);(19,10)(1,1);(20,10)(1,1);(21,10)(1,1);(22,10)(1,1);(23,10)(1,1)-1000
(10,10)(1,1);(11,10)(1,1);(12,10)(1,1);(13,10)(1,1);(14,10)(1,1);(15,10)(1,1);(16,10)(1,1);(17,10)(1,1);(18,10)(1,1);(19,10)(1,1);(20,10)(1,1);(21,10)(1,1);(22,10)(1,1);(23,10)(2,1)-1000
(10,10)(1,1);(11,10)(1,1);(12,10)(1,1);(13,10)(1,1);(14,10)(1,1);(15,10)(1,1);(16,10)(1,1);(17,10)(1,1);(18,10)(1,1);(19,10)(1,1);(20,10)(1,1);(21,10)(1,1);(22,10)(1,1);(23,10)(1,1);(24,10)(1,1)-1000
(10,10)(1,1);(11,10)(1,1);(12,10)(1,1);(13,10)(1,1);(14,10)(1,1);(15,10)(1,1);(16,10)(1,1);(17,10)(1,1);(18,10)(1,1);(19,10)(1,1);(20,10)(1,1);(21,10)(1,1);(22,10)(1,1);(23,10)(1,1);(24,10)(2,1)-1000
(10,10)(1,1);(11,10)(1,1);(12,10)(1,1);(13,10)(1,1);(14,10)(1,1);(15,10)(1,1);(16,10)(1,1);(17,10)(1,1);(18,10)(1,1);(19,10)(1,1);(20,10)(1,1);(21,10)(1,1);(22,10)(1,1);(23,10)(1,1);(24,10)(1,1);(25,10)(1,1)-1000
