(15,60)(4,3);(33,60)(4,3);(51,60)(4,3);(69,60)(4,3);(87,60)(4,3);(15,77)(4,3);(33,77)(4,3);(51,77)(4,3);(69,77)(4,3);(87,77)(4,3);(15,94)(4,3);(33,94)(4,3);(51,94)(4,3);(69,94)(4,3);(87,94)(4,3);(15,111)(4,3);(33,111)(4,3);(51,111)(4,3);(69,111)(4,3);(87,111)(4,3)-1000
(15,60)(4,3);(33,60)(4,3);(51,60)(4,3);(69,60)(4,3);(87,60)(4,3);(15,77)(4,3);(33,77)(4,3);(51,77)(4,3);(69,77)(4,3);(87,77)(4,3);(15,94)(4,3);(33,94)(4,3);(51,94)(4,3);(69,94)(4,3);(87,94)(4,3);(15,111)(4,3);(33,111)(4,3);(51,111)(4,3);(69,111)(4,3);(87,111)(4,3);(15,70)(4,2);(33,70)(4,2);(51,70)(4,2);(69,70)(4,2);(87,70)(4,2);(15,87)(4,2);(33,87)(4,2);(51,87)(4,2);(69,87)(4,2);(87,87)(4,2);(15,104)(4,2);(33,104)(4,2);(51,104)(4,2);(69,104)(4,2);(87,104)(4,2);(15,121)(4,2);(33,121)(4,2);(51,121)(4,2);(69,121)(4,2);(87,121)(4,2)-1000
(15,60)(4,3);(33,60)(4,3);(51,60)(4,3);(69,60)(4,3);(87,60)(4,3);(15,77)(4,3);(33,77)(4,3);(51,77)(4,3);(69,77)(4,3);(87,77)(4,3);(15,94)(4,3);(33,94)(4,3);(51,94)(4,3);(69,94)(4,3);(87,94)(4,3);(15,111)(4,3);(33,111)(4,3);(51,111)(4,3);(69,111)(4,3);(87,111)(4,3);(15,69)(4,2);(33,69)(4,2);(51,69)(4,2);(69,69)(4,2);(87,69)(4,2);(15,86)(4,2);(33,86)(4,2);(51,86)(4,2);(69,86)(4,2);(87,86)(4,2);(15,103)(4,2);(33,103)(4,2);(51,103)(4,2);(69,103)(4,2);(87,103)(4,2);(15,120)(4,2);(33,120)(4,2);(51,120)(4,2);(69,120)(4,2);(87,120)(4,2)-1000
(15,60)(4,3);(33,60)(4,3);(51,60)(4,3);(69,60)(4,3);(87,60)(4,3);(15,77)(4,3);(33,77)(4,3);(51,77)(4,3);(69,77)(4,3);(87,77)(4,3);(15,94)(4,3);(33,94)(4,3);(51,94)(4,3);(69,94)(4,3);(87,94)(4,3);(15,111)(4,3);(33,111)(4,3);(51,111)(4,3);(69,111)(4,3);(87,111)(4,3);(15,68)(4,2);(33,68)(4,2);(51,68)(4,2);(69,68)(4,2);(87,68)(4,2);(15,85)(4,2);(33,85)(4,2);(51,85)(4,2);(69,85)(4,2);(87,85)(4,2);(15,102)(4,2);(33,102)(4,2);(51,102)(4,2);(69,102)(4,2);(87,102)(4,2);(15,119)(4,2);(33,119)(4,2);(51,119)(4,2);(69,119)(4,2);(87,119)(4,2)-1000
(15,60)(4,3);(33,60)(4,3);(51,60)(4,3);(69,60)(4,3);(87,60)(4,3);(15,77)(4,3);(33,77)(4,3);(51,77)(4,3);(69,77)(4,3);(87,77)(4,3);(15,94)(4,3);(33,94)(4,3);(51,94)(4,3);(69,94)(4,3);(87,94)(4,3);(15,111)(4,3);(33,111)(4,3);(51,111)(4,3);(69,111)(4,3);(87,111)(4,3);(15,67)(4,2);(33,67)(4,2);(51,67)(4,2);(69,67)(4,2);(87,67)(4,2);(15,84)(4,2);(33,84)(4,2);(51,84)(4,2);(69,84)(4,2);(87,84)(4,2);(15,101)(4,2);(33,101)(4,2);(51,101)(4,2);(69,101)(4,2);(87,101)(4,2);(15,118)(4,2);(33,118)(4,2);(51,118)(4,2);(69,118)(4,2);(87,118)(4,2)-1000
(15,60)(4,3);(33,60)(4,3);(51,60)(4,3);(69,60)(4,3);(87,60)(4,3);(15,77)(4,3);(33,77)(4,3);(51,77)(4,3);(69,77)(4,3);(87,77)(4,3);(15,94)(4,3);(33,94)(4,3);(51,94)(4,3);(69,94)(4,3);(87,94)(4,3);(15,111)(4,3);(33,111)(4,3);(51,111)(4,3);(69,111)(4,3);(87,111)(4,3);(15,66)(4,2);(33,66)(4,2);(51,66)(4,2);(69,66)(4,2);(87,66)(4,2);(15,83)(4,2);(33,83)(4,2);(51,83)(4,2);(69,83)(4,2);(87,83)(4,2);(15,100)(4,2);(33,100)(4,2);(51,100)(4,2);(69,100)(4,2);(87,100)(4,2);(15,117)(4,2);(33,117)(4,2);(51,117)(4,2);(69,117)(4,2);(87,117)(4,2)-1000
(15,60)(4,3);(33,60)(4,3);(51,60)(4,3);(69,60)(4,3);(87,60)(4,3);(15,77)(4,3);(33,77)(4,3);(51,77)(4,3);(69,77)(4,3);(87,77)(4,3);(15,94)(4,3);(33,94)(4,3);(51,94)(4,3);(69,94)(4,3);(87,94)(4,3);(15,111)(4,3);(33,111)(4,3);(51,111)(4,3);(69,111)(4,3);(87,111)(4,3);(15,65)(4,2);(33,65)(4,2);(51,65)(4,2);(69,65)(4,2);(87,65)(4,2);(15,82)(4,2);(33,82)(4,2);(51,82)(4,2);(69,82)(4,2);(87,82)(4,2);(15,99)(4,2);(33,99)(4,2);(51,99)(4,2);(69,99)(4,2);(87,99)(4,2);(15,116)(4,2);(33,116)(4,2);(51,116)(4,2);(69,116)(4,2);(87,116)(4,2)-1000
(15,60)(4,3);(33,60)(4,3);(51,60)(4,3);(69,60)(4,3);(87,60)(4,3);(15,77)(4,3);(33,77)(4,3);(51,77)(4,3);(69,77)(4,3);(87,77)(4,3);(15,94)(4,3);(33,94)(4,3);(51,94)(4,3);(69,94)(4,3);(87,94)(4,3);(15,111)(4,3);(33,111)(4,3);(51,111)(4,3);(69,111)(4,3);(87,111)(4,3);(15,64)(4,2);(33,64)(4,2);(51,64)(4,2);(69,64)(4,2);(87,64)(4,2);(15,81)(4,2);(33,81)(4,2);(51,81)(4,2);(69,81)(4,2);(87,81)(4,2);(15,98)(4,2);(33,98)(4,2);(51,98)(4,2);(69,98)(4,2);(87,98)(4,2);(15,115)(4,2);(33,115)(4,2);(51,115)(4,2);(69,115)(4,2);(87,115)(4,2)-1000
(15,60)(4,3);(33,60)(4,3);(51,60)(4,3);(69,60)(4,3);(87,60)(4,3);(15,77)(4,3);(33,77)(4,3);(51,77)(4,3);(69,77)(4,3);(87,77)(4,3);(15,94)(4,3);(33,94)(4,3);(51,94)(4,3);(69,94)(4,3);(87,94)(4,3);(15,111)(4,3);(33,111)(4,3);(51,111)(4,3);(69,111)(4,3);(87,111)(4,3);(15,63)(4,2);(33,63)(4,2);(51,63)(4,2);(69,63)(4,2);(87,63)(4,2);(15,80)(4,2);(33,80)(4,2);(51,80)(4,2);(69,80)(4,2);(87,80)(4,2);(15,97)(4,2);(33,97)(4,2);(51,97)(4,2);(69,97)(4,2);(87,97)(4,2);(15,114)(4,2);(33,114)(4,2);(51,114)(4,2);(69,114)(4,2);(87,114)(4,2)-1000
(15,60)(4,5);(33,60)(4,5);(51,60)(4,5);(69,60)(4,5);(87,60)(4,5);(15,77)(4,5);(33,77)(4,5);(51,77)(4,5);(69,77)(4,5);(87,77)(4,5);(15,94)(4,5);(33,94)(4,5);(51,94)(4,5);(69,94)(4,5);(87,94)(4,5);(15,111)(4,5);(33,111)(4,5);(51,111)(4,5);(69,111)(4,5);(87,111)(4,5)-1000
