(10,10)(16,1)-1000
(10,10)(8,1);(19,10)(8,1)-1000
(10,10)(8,1);(20,10)(8,1)-1000
(10,10)(8,1);(21,10)(8,1)-1000
(10,10)(8,1);(22,10)(8,1)-1000
(10,10)(8,1);(23,10)(8,1)-1000
(10,10)(8,1);(24,10)(8,1)-1000
(10,10)(8,1);(25,10)(8,1)-1000
(10,10)(8,1);(26,10)(8,1)-1000
(10,10)(4,1);(15,10)(4,1);(26,10)(8,1)-1000
(10,10)(4,1);(16,10)(4,1);(26,10)(8,1)-1000
(10,10)(4,1);(17,10)(4,1);(26,10)(8,1)-1000
(10,10)(4,1);(18,10)(4,1);(26,10)(8,1)-1000
(10,10)(2,1);(13,10)(2,1);(18,10)(4,1);(26,10)(8,1)-1000
(10,10)(2,1);(14,10)(2,1);(18,10)(4,1);(26,10)(8,1)-1000
(10,10)(2,1);(14,10)(2,1);(18,10)(2,1);(21,10)(2,1);(26,10)(8,1)-1000
(10,10)(2,1);(14,10)(2,1);(18,10)(2,1);(22,10)(2,1);(26,10)(8,1)-1000
(10,10)(1,1);(12,10)(1,1);(14,10)(1,1);(16,10)(1,1);(18,10)(1,1);(20,10)(1,1);(22,10)(1,1);(24,10)(1,1);(26,10)(8,1)-1000
(10,10)(1,1);(12,10)(1,1);(14,10)(1,1);(16,10)(1,1);(18,10)(1,1);(20,10)(1,1);(22,10)(1,1);(24,10)(1,1);(26,10)(4,1);(31,10)(4,1)-1000
(10,10)(1,1);(12,10)(1,1);(14,10)(1,1);(16,10)(1,1);(18,10)(1,1);(20,10)(1,1);(22,10)(1,1);(24,10)(1,1);(26,10)(4,1);(32,10)(4,1)-1000
(10,10)(1,1);(12,10)(1,1);(14,10)(1,1);(16,10)(1,1);(18,10)(1,1);(20,10)(1,1);(22,10)(1,1);(24,10)(1,1);(26,10)(4,1);(33,10)(4,1)-1000
(10,10)(1,1);(12,10)(1,1);(14,10)(1,1);(16,10)(1,1);(18,10)(1,1);(20,10)(1,1);(22,10)(1,1);(24,10)(1,1);(26,10)(4,1);(34,10)(4,1)-1000
(10,10)(1,1);(12,10)(1,1);(14,10)(1,1);(16,10)(1,1);(18,10)(1,1);(20,10)(1,1);(22,10)(1,1);(24,10)(1,1);(26,10)(2,1);(29,10)(2,1);(34,10)(2,1);(37,10)(2,1)-1000
(10,10)(1,1);(12,10)(1,1);(14,10)(1,1);(16,10)(1,1);(18,10)(1,1);(20,10)(1,1);(22,10)(1,1);(24,10)(1,1);(26,10)(2,1);(30,10)(2,1);(34,10)(2,1);(38,10)(2,1)-1000
(10,10)(1,1);(12,10)(1,1);(14,10)(1,1);(16,10)(1,1);(18,10)(1,1);(20,10)(1,1);(22,10)(1,1);(24,10)(1,1);(26,10)(1,1);(28,10)(1,1);(30,10)(1,1);(32,10)(1,1);(34,10)(1,1);(36,10)(1,1);(38,10)(1,1);(40,10)(1,1)-1000
