(15,60)(4,3);(33,60)(4,3);(51,60)(4,3);(69,60)(4,3);(87,60)(4,3);(105,60)(4,3);(123,60)(4,3);(141,60)(4,3);(159,60)(4,3);(177,60)(4,3);(195,60)(4,3);(213,60)(4,3);(231,60)(4,3);(249,60)(4,3);(267,60)(4,3);(285,60)(4,3);(303,60)(4,3);(321,60)(4,3);(339,60)(4,3);(357,60)(4,3)-1000
(15,60)(4,3);(33,60)(4,3);(51,60)(4,3);(69,60)(4,3);(87,60)(4,3);(105,60)(4,3);(123,60)(4,3);(141,60)(4,3);(159,60)(4,3);(177,60)(4,3);(195,60)(4,3);(213,60)(4,3);(231,60)(4,3);(249,60)(4,3);(267,60)(4,3);(285,60)(4,3);(303,60)(4,3);(321,60)(4,3);(339,60)(4,3);(357,60)(4,3);(15,70)(4,2);(33,70)(4,2);(51,70)(4,2);(69,70)(4,2);(87,70)(4,2);(105,70)(4,2);(123,70)(4,2);(141,70)(4,2);(159,70)(4,2);(177,70)(4,2);(195,70)(4,2);(213,70)(4,2);(231,70)(4,2);(249,70)(4,2);(267,70)(4,2);(285,70)(4,2);(303,70)(4,2);(321,70)(4,2);(339,70)(4,2);(357,70)(4,2)-1000
(15,61)(4,3);(33,61)(4,3);(51,61)(4,3);(69,61)(4,3);(87,61)(4,3);(105,61)(4,3);(123,61)(4,3);(141,61)(4,3);(159,61)(4,3);(177,61)(4,3);(195,61)(4,3);(213,61)(4,3);(231,61)(4,3);(249,61)(4,3);(267,61)(4,3);(285,61)(4,3);(303,61)(4,3);(321,61)(4,3);(339,61)(4,3);(357,61)(4,3);(15,70)(4,2);(33,70)(4,2);(51,70)(4,2);(69,70)(4,2);(87,70)(4,2);(105,70)(4,2);(123,70)(4,2);(141,70)(4,2);(159,70)(4,2);(177,70)(4,2);(195,70)(4,2);(213,70)(4,2);(231,70)(4,2);(249,70)(4,2);(267,70)(4,2);(285,70)(4,2);(303,70)(4,2);(321,70)(4,2);(339,70)(4,2);(357,70)(4,2)-1000
(15,62)(4,3);(33,62)(4,3);(51,62)(4,3);(69,62)(4,3);(87,62)(4,3);(105,62)(4,3);(123,62)(4,3);(141,62)(4,3);(159,62)(4,3);(177,62)(4,3);(195,62)(4,3);(213,62)(4,3);(231,62)(4,3);(249,62)(4,3);(267,62)(4,3);(285,62)(4,3);(303,62)(4,3);(321,62)(4,3);(339,62)(4,3);(357,62)(4,3);(15,70)(4,2);(33,70)(4,2);(51,70)(4,2);(69,70)(4,2);(87,70)(4,2);(105,70)(4,2);(123,70)(4,2);(141,70)(4,2);(159,70)(4,2);(177,70)(4,2);(195,70)(4,2);(213,70)(4,2);(231,70)(4,2);(249,70)(4,2);(267,70)(4,2);(285,70)(4,2);(303,70)(4,2);(321,70)(4,2);(339,70)(4,2);(357,70)(4,2)-1000
(15,63)(4,3);(33,63)(4,3);(51,63)(4,3);(69,63)(4,3);(87,63)(4,3);(105,63)(4,3);(123,63)(4,3);(141,63)(4,3);(159,63)(4,3);(177,63)(4,3);(195,63)(4,3);(213,63)(4,3);(231,63)(4,3);(249,63)(4,3);(267,63)(4,3);(285,63)(4,3);(303,63)(4,3);(321,63)(4,3);(339,63)(4,3);(357,63)(4,3);(15,70)(4,2);(33,70)(4,2);(51,70)(4,2);(69,70)(4,2);(87,70)(4,2);(105,70)(4,2);(123,70)(4,2);(141,70)(4,2);(159,70)(4,2);(177,70)(4,2);(195,70)(4,2);(213,70)(4,2);(231,70)(4,2);(249,70)(4,2);(267,70)(4,2);(285,70)(4,2);(303,70)(4,2);(321,70)(4,2);(339,70)(4,2);(357,70)(4,2)-1000
(15,64)(4,3);(33,64)(4,3);(51,64)(4,3);(69,64)(4,3);(87,64)(4,3);(105,64)(4,3);(123,64)(4,3);(141,64)(4,3);(159,64)(4,3);(177,64)(4,3);(195,64)(4,3);(213,64)(4,3);(231,64)(4,3);(249,64)(4,3);(267,64)(4,3);(285,64)(4,3);(303,64)(4,3);(321,64)(4,3);(339,64)(4,3);(357,64)(4,3);(15,70)(4,2);(33,70)(4,2);(51,70)(4,2);(69,70)(4,2);(87,70)(4,2);(105,70)(4,2);(123,70)(4,2);(141,70)(4,2);(159,70)(4,2);(177,70)(4,2);(195,70)(4,2);(213,70)(4,2);(231,70)(4,2);(249,70)(4,2);(267,70)(4,2);(285,70)(4,2);(303,70)(4,2);(321,70)(4,2);(339,70)(4,2);(357,70)(4,2)-1000
(15,65)(4,3);(33,65)(4,3);(51,65)(4,3);(69,65)(4,3);(87,65)(4,3);(105,65)(4,3);(123,65)(4,3);(141,65)(4,3);(159,65)(4,3);(177,65)(4,3);(195,65)(4,3);(213,65)(4,3);(231,65)(4,3);(249,65)(4,3);(267,65)(4,3);(285,65)(4,3);(303,65)(4,3);(321,65)(4,3);(339,65)(4,3);(357,65)(4,3);(15,70)(4,2);(33,70)(4,2);(51,70)(4,2);(69,70)(4,2);(87,70)(4,2);(105,70)(4,2);(123,70)(4,2);(141,70)(4,2);(159,70)(4,2);(177,70)(4,2);(195,70)(4,2);(213,70)(4,2);(231,70)(4,2);(249,70)(4,2);(267,70)(4,2);(285,70)(4,2);(303,70)(4,2);(321,70)(4,2);(339,70)(4,2);(357,70)(4,2)-1000
(15,66)(4,3);(33,66)(4,3);(51,66)(4,3);(69,66)(4,3);(87,66)(4,3);(105,66)(4,3);(123,66)(4,3);(141,66)(4,3);(159,66)(4,3);(177,66)(4,3);(195,66)(4,3);(213,66)(4,3);(231,66)(4,3);(249,66)(4,3);(267,66)(4,3);(285,66)(4,3);(303,66)(4,3);(321,66)(4,3);(339,66)(4,3);(357,66)(4,3);(15,70)(4,2);(33,70)(4,2);(51,70)(4,2);(69,70)(4,2);(87,70)(4,2);(105,70)(4,2);(123,70)(4,2);(141,70)(4,2);(159,70)(4,2);(177,70)(4,2);(195,70)(4,2);(213,70)(4,2);(231,70)(4,2);(249,70)(4,2);(267,70)(4,2);(285,70)(4,2);(303,70)(4,2);(321,70)(4,2);(339,70)(4,2);(357,70)(4,2)-1000
(15,67)(4,3);(33,67)(4,3);(51,67)(4,3);(69,67)(4,3);(87,67)(4,3);(105,67)(4,3);(123,67)(4,3);(141,67)(4,3);(159,67)(4,3);(177,67)(4,3);(195,67)(4,3);(213,67)(4,3);(231,67)(4,3);(249,67)(4,3);(267,67)(4,3);(285,67)(4,3);(303,67)(4,3);(321,67)(4,3);(339,67)(4,3);(357,67)(4,3);(15,70)(4,2);(33,70)(4,2);(51,70)(4,2);(69,70)(4,2);(87,70)(4,2);(105,70)(4,2);(123,70)(4,2);(141,70)(4,2);(159,70)(4,2);(177,70)(4,2);(195,70)(4,2);(213,70)(4,2);(231,70)(4,2);(249,70)(4,2);(267,70)(4,2);(285,70)(4,2);(303,70)(4,2);(321,70)(4,2);(339,70)(4,2);(357,70)(4,2)-1000
(15,67)(4,5);(33,67)(4,5);(51,67)(4,5);(69,67)(4,5);(87,67)(4,5);(105,67)(4,5);(123,67)(4,5);(141,67)(4,5);(159,67)(4,5);(177,67)(4,5);(195,67)(4,5);(213,67)(4,5);(231,67)(4,5);(249,67)(4,5);(267,67)(4,5);(285,67)(4,5);(303,67)(4,5);(321,67)(4,5);(339,67)(4,5);(357,67)(4,5)-1000
