(100,84)(4,4)-1000
(101,84)(4,4)-1000
(102,84)(4,4)-1000
(103,84)(4,4)-1000
(104,84)(4,4)-1000
(104,85)(4,4)-1000
(104,86)(4,4)-1000
(104,87)(4,4)-1000
(104,88)(4,4)-1000
(103,88)(4,4)-1000
(102,88)(4,4)-1000
(101,88)(4,4)-1000
(100,88)(4,4)-1000
(100,87)(4,4)-1000
(100,86)(4,4)-1000
(100,85)(4,4)-1000
(100,84)(4,4)-1000
(101,84)(4,4)-1000
(102,84)(4,4)-1000
(103,84)(4,4)-1000
(104,84)(4,4)-1000
(104,85)(4,4)-1000
(104,86)(4,4)-1000
(104,87)(4,4)-1000
(104,88)(4,4)-1000
(103,88)(4,4)-1000
(102,88)(4,4)-1000
(101,88)(4,4)-1000
(100,88)(4,4)-1000
(100,87)(4,4)-1000
(100,86)(4,4)-1000
(100,85)(4,4)-1000
(100,84)(4,4)-1000
(101,84)(4,4)-1000
(102,84)(4,4)-1000
(103,84)(4,4)-1000
(104,84)(4,4)-1000
(104,85)(4,4)-1000
(104,86)(4,4)-1000
(104,87)(4,4)-1000
(104,88)(4,4)-1000
(103,88)(4,4)-1000
(102,88)(4,4)-1000
(101,88)(4,4)-1000
(100,88)(4,4)-1000
(100,87)(4,4)-1000
(100,86)(4,4)-1000
(100,85)(4,4)-1000
(100,84)(4,4)-1000
(101,84)(4,4)-1000
(102,84)(4,4)-1000
(103,84)(4,4)-1000
(104,84)(4,4)-1000
(104,85)(4,4)-1000
(104,86)(4,4)-1000
(104,87)(4,4)-1000
(104,88)(4,4)-1000
(103,88)(4,4)-1000
(102,88)(4,4)-1000
(101,88)(4,4)-1000
(100,88)(4,4)-1000
(100,87)(4,4)-1000
(100,86)(4,4)-1000
(100,85)(4,4)-1000
(100,84)(4,4)-1000
