(61,60)(5,5)-1000
(62,60)(5,5)-1000
(63,60)(5,5)-1000
(64,60)(5,5)-1000
(64,61)(5,5)-1000
(64,62)(5,5)-1000
(64,63)(5,5)-1000
(64,64)(5,5)-1000
(63,64)(5,5)-1000
(62,64)(5,5)-1000
(61,64)(5,5)-1000
(60,64)(5,5)-1000
(60,63)(5,5)-1000
(60,62)(5,5)-1000
(60,61)(5,5)-1000
(60,60)(5,5)-1000
(61,60)(5,5)-1000
(62,60)(5,5)-1000
(63,60)(5,5)-1000
(64,60)(5,5)-1000
(64,61)(5,5)-1000
(64,62)(5,5)-1000
(64,63)(5,5)-1000
(64,64)(5,5)-1000
(63,64)(5,5)-1000
(62,64)(5,5)-1000
(61,64)(5,5)-1000
(60,64)(5,5)-1000
(60,63)(5,5)-1000
(60,62)(5,5)-1000
(60,61)(5,5)-1000
(60,60)(5,5)-1000
(61,60)(5,5)-1000
(62,60)(5,5)-1000
(63,60)(5,5)-1000
(64,60)(5,5)-1000
(64,61)(5,5)-1000
(64,62)(5,5)-1000
(64,63)(5,5)-1000
(64,64)(5,5)-1000
(63,64)(5,5)-1000
(62,64)(5,5)-1000
(61,64)(5,5)-1000
(60,64)(5,5)-1000
(60,63)(5,5)-1000
(60,62)(5,5)-1000
(60,61)(5,5)-1000
(60,60)(5,5)-1000
