(20,20)(3,3)-1000
(23,20)(3,3)-1000
(26,20)(3,3)-1000
(29,20)(3,3)-1000
(32,20)(3,3)-1000
(35,20)(3,3)-1000
(38,20)(3,3)-1000
(41,20)(3,3)-1000
(44,20)(3,3)-1000
(47,20)(3,3)-1000
(50,20)(3,3)-1000
(53,20)(3,3)-1000
(20,26)(3,2)-1000
(23,26)(3,2)-1000
(26,26)(3,2)-1000
(29,26)(3,2)-1000
(32,26)(3,2)-1000
(35,26)(3,2)-1000
(38,26)(3,2)-1000
(41,26)(3,2)-1000
(44,26)(3,2)-1000
(47,26)(3,2)-1000
(50,26)(3,2)-1000
(53,26)(3,2)-1000
(20,20)(3,5)-1000
(23,20)(3,5)-1000
(26,20)(3,5)-1000
(29,20)(3,5)-1000
(32,20)(3,5)-1000
(35,20)(3,5)-1000
(38,20)(3,5)-1000
(41,20)(3,5)-1000
(44,20)(3,5)-1000
(47,20)(3,5)-1000
(50,20)(3,5)-1000
(53,20)(3,5)-1000
