(64,44)(4,4)-1000
(64,45)(4,4)-1000
(64,46)(4,4)-1000
(64,47)(4,4)-1000
(64,48)(4,4)-1000
(64,49)(4,4)-1000
(64,50)(4,4)-1000
(64,51)(4,4)-1000
(64,52)(4,4)-1000
(64,53)(4,4)-1000
(64,54)(4,4)-1000
(64,55)(4,4)-1000
(64,56)(4,4)-1000
(64,57)(4,4)-1000
(64,58)(4,4)-1000
(64,59)(4,4)-1000
(64,60)(4,4)-1000
(64,61)(4,4)-1000
(64,62)(4,4)-1000
(64,63)(4,4)-1000
(64,64)(4,4)-1000
(64,65)(4,4)-1000
(64,66)(4,4)-1000
(64,67)(4,4)-1000
(64,68)(4,4)-1000
(64,69)(4,4)-1000
(64,70)(4,4)-1000
(64,71)(4,4)-1000
(64,72)(4,4)-1000
(64,73)(4,4)-1000
(64,74)(4,4)-1000
(64,75)(4,4)-1000
(64,76)(4,4)-1000
(64,77)(4,4)-1000
(64,78)(4,4)-1000
(64,79)(4,4)-1000
(64,80)(4,4)-1000
(64,81)(4,4)-1000
(64,82)(4,4)-1000
(64,83)(4,4)-1000
(64,84)(4,4)-1000
(64,85)(4,4)-1000
(64,86)(4,4)-1000
(64,87)(4,4)-1000
(64,88)(4,4)-1000
(64,89)(4,4)-1000
(64,90)(4,4)-1000
(64,91)(4,4)-1000
(64,92)(4,4)-1000
(64,93)(4,4)-1000
