(117,39)(3,3)-1000
(116,39)(3,3)-1000
(115,39)(3,3)-1000
(114,39)(3,3)-1000
(113,39)(3,3)-1000
(112,39)(3,3)-1000
(111,39)(3,3)-1000
(110,39)(3,3)-1000
(109,39)(3,3)-1000
(108,39)(3,3)-1000
(107,39)(3,3)-1000
(106,39)(3,3)-1000
(105,39)(3,3)-1000
(104,39)(3,3)-1000
(103,39)(3,3)-1000
(102,39)(3,3)-1000
(101,39)(3,3)-1000
(100,39)(3,3)-1000
(99,39)(3,3)-1000
(98,39)(3,3)-1000
(97,39)(3,3)-1000
(96,39)(3,3)-1000
(95,39)(3,3)-1000
(94,39)(3,3)-1000
(93,39)(3,3)-1000
(92,39)(3,3)-1000
(91,39)(3,3)-1000
(90,39)(3,3)-1000
(89,39)(3,3)-1000
(88,39)(3,3)-1000
(87,39)(3,3)-1000
(86,39)(3,3)-1000
(85,39)(3,3)-1000
(84,39)(3,3)-1000
(83,39)(3,3)-1000
(82,39)(3,3)-1000
(81,39)(3,3)-1000
(80,39)(3,3)-1000
(79,39)(3,3)-1000
(78,39)(3,3)-1000
(77,39)(3,3)-1000
(76,39)(3,3)-1000
(75,39)(3,3)-1000
(74,39)(3,3)-1000
(73,39)(3,3)-1000
(72,39)(3,3)-1000
(71,39)(3,3)-1000
(70,39)(3,3)-1000
(69,39)(3,3)-1000
