(44,100)(2,2)-1000
(44,99)(2,2)-1000
(44,98)(2,2)-1000
(44,97)(2,2)-1000
(44,96)(2,2)-1000
(44,95)(2,2)-1000
(44,94)(2,2)-1000
(44,93)(2,2)-1000
(44,92)(2,2)-1000
(44,91)(2,2)-1000
(44,90)(2,2)-1000
(44,89)(2,2)-1000
(44,88)(2,2)-1000
(44,87)(2,2)-1000
(44,86)(2,2)-1000
(44,85)(2,2)-1000
(44,84)(2,2)-1000
(44,83)(2,2)-1000
(44,82)(2,2)-1000
(44,81)(2,2)-1000
(44,80)(2,2)-1000
(44,79)(2,2)-1000
(44,78)(2,2)-1000
(44,77)(2,2)-1000
(44,76)(2,2)-1000
(44,75)(2,2)-1000
(44,74)(2,2)-1000
(44,73)(2,2)-1000
(44,72)(2,2)-1000
(44,71)(2,2)-1000
(44,70)(2,2)-1000
(44,69)(2,2)-1000
(44,68)(2,2)-1000
(44,67)(2,2)-1000
(44,66)(2,2)-1000
(44,65)(2,2)-1000
(44,64)(2,2)-1000
(44,63)(2,2)-1000
(44,62)(2,2)-1000
(44,61)(2,2)-1000
(44,60)(2,2)-1000
