(30,30)(2,4)-1000
(30,38)(2,4)-1000
(30,46)(2,4)-1000
(30,54)(2,4)-1000
(30,62)(2,4)-1000
(30,70)(2,4)-1000
(30,78)(2,4)-1000
(30,86)(2,4)-1000
(30,30)(2,4);(40,30)(3,4)-1000
(30,38)(2,4);(40,38)(3,4)-1000
(30,46)(2,4);(40,46)(3,4)-1000
(30,54)(2,4);(40,54)(3,4)-1000
(30,62)(2,4);(40,62)(3,4)-1000
(30,70)(2,4);(40,70)(3,4)-1000
(30,78)(2,4);(40,78)(3,4)-1000
(30,86)(2,4);(40,86)(3,4)-1000
(34,30)(5,4)-1000
(34,38)(5,4)-1000
(34,46)(5,4)-1000
(34,54)(5,4)-1000
(34,62)(5,4)-1000
(34,70)(5,4)-1000
(34,78)(5,4)-1000
(34,86)(5,4)-1000
