(60,15)(3,3)-1000
(76,15)(3,3)-1000
(92,15)(3,3)-1000
(108,15)(3,3)-1000
(124,15)(3,3)-1000
(140,15)(3,3)-1000
(156,15)(3,3)-1000
(172,15)(3,3)-1000
(188,15)(3,3)-1000
(204,15)(3,3)-1000
(60,15)(3,3);(70,15)(2,3)-1000
(76,15)(3,3);(86,15)(2,3)-1000
(92,15)(3,3);(102,15)(2,3)-1000
(108,15)(3,3);(118,15)(2,3)-1000
(124,15)(3,3);(134,15)(2,3)-1000
(140,15)(3,3);(150,15)(2,3)-1000
(156,15)(3,3);(166,15)(2,3)-1000
(172,15)(3,3);(182,15)(2,3)-1000
(188,15)(3,3);(198,15)(2,3)-1000
(204,15)(3,3);(214,15)(2,3)-1000
(60,15)(5,3)-1000
(76,15)(5,3)-1000
(92,15)(5,3)-1000
(108,15)(5,3)-1000
(124,15)(5,3)-1000
(140,15)(5,3)-1000
(156,15)(5,3)-1000
(172,15)(5,3)-1000
(188,15)(5,3)-1000
(204,15)(5,3)-1000
