(30,30)(2,4);(48,30)(2,4);(66,30)(2,4);(84,30)(2,4);(102,30)(2,4);(120,30)(2,4);(138,30)(2,4);(156,30)(2,4)-1000
(30,46)(2,4);(48,46)(2,4);(66,46)(2,4);(84,46)(2,4);(102,46)(2,4);(120,46)(2,4);(138,46)(2,4);(156,46)(2,4)-1000
(30,62)(2,4);(48,62)(2,4);(66,62)(2,4);(84,62)(2,4);(102,62)(2,4);(120,62)(2,4);(138,62)(2,4);(156,62)(2,4)-1000
(30,78)(2,4);(48,78)(2,4);(66,78)(2,4);(84,78)(2,4);(102,78)(2,4);(120,78)(2,4);(138,78)(2,4);(156,78)(2,4)-1000
(30,94)(2,4);(48,94)(2,4);(66,94)(2,4);(84,94)(2,4);(102,94)(2,4);(120,94)(2,4);(138,94)(2,4);(156,94)(2,4)-1000
(30,110)(2,4);(48,110)(2,4);(66,110)(2,4);(84,110)(2,4);(102,110)(2,4);(120,110)(2,4);(138,110)(2,4);(156,110)(2,4)-1000
(30,126)(2,4);(48,126)(2,4);(66,126)(2,4);(84,126)(2,4);(102,126)(2,4);(120,126)(2,4);(138,126)(2,4);(156,126)(2,4)-1000
(30,142)(2,4);(48,142)(2,4);(66,142)(2,4);(84,142)(2,4);(102,142)(2,4);(120,142)(2,4);(138,142)(2,4);(156,142)(2,4)-1000
(30,142)(2,4);(40,142)(3,4);(48,142)(2,4);(58,142)(3,4);(66,142)(2,4);(76,142)(3,4);(84,142)(2,4);(94,142)(3,4);(102,142)(2,4);(112,142)(3,4);(120,142)(2,4);(130,142)(3,4);(138,142)(2,4);(148,142)(3,4);(156,142)(2,4);(166,142)(3,4)-1000
(30,126)(2,4);(40,126)(3,4);(48,126)(2,4);(58,126)(3,4);(66,126)(2,4);(76,126)(3,4);(84,126)(2,4);(94,126)(3,4);(102,126)(2,4);(112,126)(3,4);(120,126)(2,4);(130,126)(3,4);(138,126)(2,4);(148,126)(3,4);(156,126)(2,4);(166,126)(3,4)-1000
(30,110)(2,4);(40,110)(3,4);(48,110)(2,4);(58,110)(3,4);(66,110)(2,4);(76,110)(3,4);(84,110)(2,4);(94,110)(3,4);(102,110)(2,4);(112,110)(3,4);(120,110)(2,4);(130,110)(3,4);(138,110)(2,4);(148,110)(3,4);(156,110)(2,4);(166,110)(3,4)-1000
(30,94)(2,4);(40,94)(3,4);(48,94)(2,4);(58,94)(3,4);(66,94)(2,4);(76,94)(3,4);(84,94)(2,4);(94,94)(3,4);(102,94)(2,4);(112,94)(3,4);(120,94)(2,4);(130,94)(3,4);(138,94)(2,4);(148,94)(3,4);(156,94)(2,4);(166,94)(3,4)-1000
(30,78)(2,4);(40,78)(3,4);(48,78)(2,4);(58,78)(3,4);(66,78)(2,4);(76,78)(3,4);(84,78)(2,4);(94,78)(3,4);(102,78)(2,4);(112,78)(3,4);(120,78)(2,4);(130,78)(3,4);(138,78)(2,4);(148,78)(3,4);(156,78)(2,4);(166,78)(3,4)-1000
(30,62)(2,4);(40,62)(3,4);(48,62)(2,4);(58,62)(3,4);(66,62)(2,4);(76,62)(3,4);(84,62)(2,4);(94,62)(3,4);(102,62)(2,4);(112,62)(3,4);(120,62)(2,4);(130,62)(3,4);(138,62)(2,4);(148,62)(3,4);(156,62)(2,4);(166,62)(3,4)-1000
(30,46)(2,4);(40,46)(3,4);(48,46)(2,4);(58,46)(3,4);(66,46)(2,4);(76,46)(3,4);(84,46)(2,4);(94,46)(3,4);(102,46)(2,4);(112,46)(3,4);(120,46)(2,4);(130,46)(3,4);(138,46)(2,4);(148,46)(3,4);(156,46)(2,4);(166,46)(3,4)-1000
(30,30)(2,4);(40,30)(3,4);(48,30)(2,4);(58,30)(3,4);(66,30)(2,4);(76,30)(3,4);(84,30)(2,4);(94,30)(3,4);(102,30)(2,4);(112,30)(3,4);(120,30)(2,4);(130,30)(3,4);(138,30)(2,4);(148,30)(3,4);(156,30)(2,4);(166,30)(3,4)-1000
(30,142)(5,4);(48,142)(5,4);(66,142)(5,4);(84,142)(5,4);(102,142)(5,4);(120,142)(5,4);(138,142)(5,4);(156,142)(5,4)-1000
(30,126)(5,4);(48,126)(5,4);(66,126)(5,4);(84,126)(5,4);(102,126)(5,4);(120,126)(5,4);(138,126)(5,4);(156,126)(5,4)-1000
(30,110)(5,4);(48,110)(5,4);(66,110)(5,4);(84,110)(5,4);(102,110)(5,4);(120,110)(5,4);(138,110)(5,4);(156,110)(5,4)-1000
(30,94)(5,4);(48,94)(5,4);(66,94)(5,4);(84,94)(5,4);(102,94)(5,4);(120,94)(5,4);(138,94)(5,4);(156,94)(5,4)-1000
(30,78)(5,4);(48,78)(5,4);(66,78)(5,4);(84,78)(5,4);(102,78)(5,4);(120,78)(5,4);(138,78)(5,4);(156,78)(5,4)-1000
(30,62)(5,4);(48,62)(5,4);(66,62)(5,4);(84,62)(5,4);(102,62)(5,4);(120,62)(5,4);(138,62)(5,4);(156,62)(5,4)-1000
(30,46)(5,4);(48,46)(5,4);(66,46)(5,4);(84,46)(5,4);(102,46)(5,4);(120,46)(5,4);(138,46)(5,4);(156,46)(5,4)-1000
(30,30)(5,4);(48,30)(5,4);(66,30)(5,4);(84,30)(5,4);(102,30)(5,4);(120,30)(5,4);(138,30)(5,4);(156,30)(5,4)-1000
