(60,60)(5,5)-1000
(59,59)(5,5)-1000
(58,58)(5,5)-1000
(57,57)(5,5)-1000
(56,56)(5,5)-1000
(55,55)(5,5)-1000
(54,54)(5,5)-1000
(53,53)(5,5)-1000
(52,52)(5,5)-1000
(51,51)(5,5)-1000
(50,50)(5,5)-1000
(50,49)(5,5)-1000
(50,48)(5,5)-1000
(50,47)(5,5)-1000
(50,46)(5,5)-1000
(50,45)(5,5)-1000
(50,44)(5,5)-1000
(50,43)(5,5)-1000
(50,42)(5,5)-1000
(50,41)(5,5)-1000
(50,40)(5,5)-1000
(51,40)(5,5)-1000
(52,40)(5,5)-1000
(53,40)(5,5)-1000
(54,40)(5,5)-1000
(55,40)(5,5)-1000
(56,40)(5,5)-1000
(57,40)(5,5)-1000
(58,40)(5,5)-1000
(59,40)(5,5)-1000
(60,40)(5,5)-1000
(60,41)(5,5)-1000
(60,42)(5,5)-1000
(60,43)(5,5)-1000
(60,44)(5,5)-1000
(60,45)(5,5)-1000
(60,46)(5,5)-1000
(60,47)(5,5)-1000
(60,48)(5,5)-1000
(60,49)(5,5)-1000
(60,50)(5,5)-1000
(60,51)(5,5)-1000
(60,52)(5,5)-1000
(60,53)(5,5)-1000
(60,54)(5,5)-1000
(60,55)(5,5)-1000
(60,56)(5,5)-1000
(60,57)(5,5)-1000
(60,58)(5,5)-1000
(60,59)(5,5)-1000
(60,60)(5,5)-1000
(60,61)(5,5)-1000
(60,62)(5,5)-1000
(60,63)(5,5)-1000
(60,64)(5,5)-1000
(60,65)(5,5)-1000
(60,66)(5,5)-1000
(60,67)(5,5)-1000
(60,68)(5,5)-1000
(60,69)(5,5)-1000
(60,70)(5,5)-1000
(59,70)(5,5)-1000
(58,70)(5,5)-1000
(57,70)(5,5)-1000
(56,70)(5,5)-1000
(55,70)(5,5)-1000
(54,70)(5,5)-1000
(53,70)(5,5)-1000
(52,70)(5,5)-1000
(51,70)(5,5)-1000
(50,70)(5,5)-1000
(50,69)(5,5)-1000
(50,68)(5,5)-1000
(50,67)(5,5)-1000
(50,66)(5,5)-1000
(50,65)(5,5)-1000
(50,64)(5,5)-1000
(50,63)(5,5)-1000
(50,62)(5,5)-1000
(50,61)(5,5)-1000
(50,60)(5,5)-1000
(51,60)(5,5)-1000
(52,60)(5,5)-1000
(53,60)(5,5)-1000
(54,60)(5,5)-1000
(55,60)(5,5)-1000
(56,60)(5,5)-1000
(57,60)(5,5)-1000
(58,60)(5,5)-1000
(59,60)(5,5)-1000
(60,60)(5,5)-1000
