(60,60)(5,5)-1000
(61,60)(5,5)-1000
(62,60)(5,5)-1000
(63,60)(5,5)-1000
(64,60)(5,5)-1000
(65,60)(5,5)-1000
(65,61)(5,5)-1000
(65,62)(5,5)-1000
(65,63)(5,5)-1000
(65,64)(5,5)-1000
(65,65)(5,5)-1000
(64,65)(5,5)-1000
(63,65)(5,5)-1000
(62,65)(5,5)-1000
(61,65)(5,5)-1000
(60,65)(5,5)-1000
(60,64)(5,5)-1000
(60,63)(5,5)-1000
(60,62)(5,5)-1000
(60,61)(5,5)-1000
(60,60)(5,5)-1000
(61,60)(5,5)-1000
(62,60)(5,5)-1000
(63,60)(5,5)-1000
(64,60)(5,5)-1000
(65,60)(5,5)-1000
(65,61)(5,5)-1000
(65,62)(5,5)-1000
(65,63)(5,5)-1000
(65,64)(5,5)-1000
(65,65)(5,5)-1000
(64,65)(5,5)-1000
(63,65)(5,5)-1000
(62,65)(5,5)-1000
(61,65)(5,5)-1000
(60,65)(5,5)-1000
(60,64)(5,5)-1000
(60,63)(5,5)-1000
(60,62)(5,5)-1000
(60,61)(5,5)-1000
(60,60)(5,5)-1000
(61,60)(5,5)-1000
(62,60)(5,5)-1000
(63,60)(5,5)-1000
(64,60)(5,5)-1000
(65,60)(5,5)-1000
(65,61)(5,5)-1000
(65,62)(5,5)-1000
(65,63)(5,5)-1000
(65,64)(5,5)-1000
(65,65)(5,5)-1000
(64,65)(5,5)-1000
(63,65)(5,5)-1000
(62,65)(5,5)-1000
(61,65)(5,5)-1000
(60,65)(5,5)-1000
(60,64)(5,5)-1000
(60,63)(5,5)-1000
(60,62)(5,5)-1000
(60,61)(5,5)-1000
