(100,84)(4,4)-1000
(101,84)(4,4)-1000
(102,84)(4,4)-1000
(103,84)(4,4)-1000
(103,85)(4,4)-1000
(103,86)(4,4)-1000
(103,87)(4,4)-1000
(102,87)(4,4)-1000
(101,87)(4,4)-1000
(100,87)(4,4)-1000
(100,86)(4,4)-1000
(100,85)(4,4)-1000
(100,84)(4,4)-1000
(101,84)(4,4)-1000
(102,84)(4,4)-1000
(103,84)(4,4)-1000
(103,85)(4,4)-1000
(103,86)(4,4)-1000
(103,87)(4,4)-1000
(102,87)(4,4)-1000
(101,87)(4,4)-1000
(100,87)(4,4)-1000
(100,86)(4,4)-1000
(100,85)(4,4)-1000
(100,84)(4,4)-1000
(101,84)(4,4)-1000
(102,84)(4,4)-1000
(103,84)(4,4)-1000
(103,85)(4,4)-1000
(103,86)(4,4)-1000
(103,87)(4,4)-1000
(102,87)(4,4)-1000
(101,87)(4,4)-1000
(100,87)(4,4)-1000
(100,86)(4,4)-1000
(100,85)(4,4)-1000
(100,84)(4,4)-1000
(101,84)(4,4)-1000
(102,84)(4,4)-1000
(103,84)(4,4)-1000
(103,85)(4,4)-1000
(103,86)(4,4)-1000
(103,87)(4,4)-1000
(102,87)(4,4)-1000
(101,87)(4,4)-1000
(100,87)(4,4)-1000
(100,86)(4,4)-1000
(100,85)(4,4)-1000
