(60,60)(5,5)-1000
(61,60)(5,5)-1000
(62,60)(5,5)-1000
(63,60)(5,5)-1000
(64,60)(5,5)-1000
(65,60)(5,5)-1000
(66,60)(5,5)-1000
(67,60)(5,5)-1000
(68,60)(5,5)-1000
(69,60)(5,5)-1000
(70,60)(5,5)-1000
(71,60)(5,5)-1000
(72,60)(5,5)-1000
(73,60)(5,5)-1000
(74,60)(5,5)-1000
(75,60)(5,5)-1000
(76,60)(5,5)-1000
(77,60)(5,5)-1000
(78,60)(5,5)-1000
(79,60)(5,5)-1000
(80,60)(5,5)-1000
(81,60)(5,5)-1000
(82,60)(5,5)-1000
(83,60)(5,5)-1000
(84,60)(5,5)-1000
(85,60)(5,5)-1000
(86,60)(5,5)-1000
(87,60)(5,5)-1000
(88,60)(5,5)-1000
(89,60)(5,5)-1000
(90,60)(5,5)-1000
(91,60)(5,5)-1000
(92,60)(5,5)-1000
(93,60)(5,5)-1000
(94,60)(5,5)-1000
(95,60)(5,5)-1000
(96,60)(5,5)-1000
(97,60)(5,5)-1000
