(100,84)(4,4)-1000
(101,84)(4,4)-1000
(101,85)(4,4)-1000
(100,85)(4,4)-1000
(100,86)(4,4)-1000
(99,86)(4,4)-1000
(99,85)(4,4)-1000
(99,84)(4,4)-1000
(99,83)(4,4)-1000
(100,83)(4,4)-1000
(101,83)(4,4)-1000
(101,84)(4,4)-1000
(101,85)(4,4)-1000
(100,85)(4,4)-1000
(100,86)(4,4)-1000
(99,86)(4,4)-1000
(99,85)(4,4)-1000
(99,84)(4,4)-1000
(99,83)(4,4)-1000
(100,83)(4,4)-1000
(101,83)(4,4)-1000
(101,84)(4,4)-1000
(101,85)(4,4)-1000
(100,85)(4,4)-1000
(100,86)(4,4)-1000
(99,86)(4,4)-1000
(99,85)(4,4)-1000
(99,84)(4,4)-1000
(99,83)(4,4)-1000
(100,83)(4,4)-1000
(101,83)(4,4)-1000
(101,84)(4,4)-1000
(101,85)(4,4)-1000
(100,85)(4,4)-1000
(100,86)(4,4)-1000
(99,86)(4,4)-1000
(99,85)(4,4)-1000
(99,84)(4,4)-1000
(99,83)(4,4)-1000
(100,83)(4,4)-1000
(101,83)(4,4)-1000
