(40,90)(2,2)-1000
(40,89)(2,2)-1000
(40,88)(2,2)-1000
(40,87)(2,2)-1000
(40,86)(2,2)-1000
(40,85)(2,2)-1000
(40,84)(2,2)-1000
(40,83)(2,2)-1000
(40,82)(2,2)-1000
(40,81)(2,2)-1000
(40,80)(2,2)-1000
(40,79)(2,2)-1000
(40,78)(2,2)-1000
(40,77)(2,2)-1000
(40,76)(2,2)-1000
(40,75)(2,2)-1000
(40,74)(2,2)-1000
(40,73)(2,2)-1000
(40,72)(2,2)-1000
(40,71)(2,2)-1000
(40,70)(2,2)-1000
(40,69)(2,2)-1000
(40,68)(2,2)-1000
(40,67)(2,2)-1000
(40,66)(2,2)-1000
(40,65)(2,2)-1000
(40,64)(2,2)-1000
(40,63)(2,2)-1000
(40,62)(2,2)-1000
(40,61)(2,2)-1000
(40,60)(2,2)-1000
(40,59)(2,2)-1000
(40,58)(2,2)-1000
(40,57)(2,2)-1000
(40,56)(2,2)-1000
(40,55)(2,2)-1000
(40,54)(2,2)-1000
(40,53)(2,2)-1000
(40,52)(2,2)-1000
(40,51)(2,2)-1000
(40,50)(2,2)-1000
(40,49)(2,2)-1000
(40,48)(2,2)-1000
(40,47)(2,2)-1000
(40,46)(2,2)-1000
(40,45)(2,2)-1000
(40,44)(2,2)-1000
(40,43)(2,2)-1000
(40,42)(2,2)-1000
(40,41)(2,2)-1000
(40,40)(2,2)-1000
(40,39)(2,2)-1000
(40,38)(2,2)-1000
(40,37)(2,2)-1000
(40,36)(2,2)-1000
(40,35)(2,2)-1000
(40,34)(2,2)-1000
(40,33)(2,2)-1000
(40,32)(2,2)-1000
(40,31)(2,2)-1000
(40,30)(2,2)-1000
(40,29)(2,2)-1000
(40,28)(2,2)-1000
(40,27)(2,2)-1000
(40,26)(2,2)-1000
(40,25)(2,2)-1000
(40,24)(2,2)-1000
(40,23)(2,2)-1000
(40,22)(2,2)-1000
(40,21)(2,2)-1000
(40,20)(2,2)-1000
(40,19)(2,2)-1000
(40,18)(2,2)-1000
(40,17)(2,2)-1000
(40,16)(2,2)-1000
(40,15)(2,2)-1000
(40,14)(2,2)-1000
(40,13)(2,2)-1000
(40,12)(2,2)-1000
(40,11)(2,2)-1000
(40,10)(2,2)-1000
(40,9)(2,2)-1000
(40,8)(2,2)-1000
(40,7)(2,2)-1000
(40,6)(2,2)-1000
(40,5)(2,2)-1000
(40,4)(2,2)-1000
(40,3)(2,2)-1000
(40,2)(2,2)-1000
(40,1)(2,2)-1000
(40,0)(2,2)-1000
