(40,89)(2,1)-1000
(40,88)(2,1)-1000
(40,87)(2,1)-1000
(40,86)(2,1)-1000
(40,85)(2,1)-1000
(40,84)(2,1)-1000
(40,83)(2,1)-1000
(40,82)(2,1)-1000
(40,81)(2,1)-1000
(40,80)(2,1)-1000
(40,79)(2,1)-1000
(40,78)(2,1)-1000
(40,77)(2,1)-1000
(40,76)(2,1)-1000
(40,75)(2,1)-1000
(40,74)(2,1)-1000
(40,73)(2,1)-1000
(40,72)(2,1)-1000
(40,71)(2,1)-1000
(40,70)(2,1)-1000
(40,69)(2,1)-1000
(40,68)(2,1)-1000
(40,67)(2,1)-1000
(40,66)(2,1)-1000
(40,65)(2,1)-1000
(40,64)(2,1)-1000
(40,63)(2,1)-1000
(40,62)(2,1)-1000
(40,61)(2,1)-1000
(40,60)(2,1)-1000
(40,59)(2,1)-1000
(40,58)(2,1)-1000
(40,57)(2,1)-1000
(40,56)(2,1)-1000
(40,55)(2,1)-1000
(40,54)(2,1)-1000
(40,53)(2,1)-1000
(40,52)(2,1)-1000
(40,51)(2,1)-1000
(40,50)(2,1)-1000
(40,49)(2,1)-1000
(40,48)(2,1)-1000
(40,47)(2,1)-1000
(40,46)(2,1)-1000
(40,45)(2,1)-1000
(40,44)(2,1)-1000
(40,43)(2,1)-1000
(40,42)(2,1)-1000
(40,41)(2,1)-1000
(40,40)(2,1)-1000
(40,39)(2,1)-1000
(40,38)(2,1)-1000
(40,37)(2,1)-1000
(40,36)(2,1)-1000
(40,35)(2,1)-1000
(40,34)(2,1)-1000
(40,33)(2,1)-1000
(40,32)(2,1)-1000
(40,31)(2,1)-1000
(40,30)(2,1)-1000
(40,29)(2,1)-1000
(40,28)(2,1)-1000
(40,27)(2,1)-1000
(40,26)(2,1)-1000
(40,25)(2,1)-1000
(40,24)(2,1)-1000
(40,23)(2,1)-1000
(40,22)(2,1)-1000
(40,21)(2,1)-1000
(40,20)(2,1)-1000
(40,19)(2,1)-1000
(40,18)(2,1)-1000
(40,17)(2,1)-1000
(40,16)(2,1)-1000
(40,15)(2,1)-1000
(40,14)(2,1)-1000
(40,13)(2,1)-1000
(40,12)(2,1)-1000
(40,11)(2,1)-1000
(40,10)(2,1)-1000
(40,9)(2,1)-1000
(40,8)(2,1)-1000
(40,7)(2,1)-1000
(40,6)(2,1)-1000
(40,5)(2,1)-1000
(40,4)(2,1)-1000
(40,3)(2,1)-1000
(40,2)(2,1)-1000
(40,1)(2,1)-1000
(40,0)(2,1)-1000
