(44,24)(20,20)-1000
(44,28)(20,16);(52,44)(4,4);(48,24)(16,4)-1000
(44,28)(20,16);(52,44)(4,4);(52,48)(4,4);(48,24)(12,4)-1000
(52,44)(4,12);(48,24)(12,4);(48,28)(16,4);(44,32)(20,12)-1000
(52,52)(4,4);(44,28)(20,16);(48,24)(16,4);(44,24)(4,4);(52,20)(4,4)-1000
(52,56)(4,4);(44,28)(20,16);(48,24)(16,4)-1000
(52,60)(4,4);(44,28)(20,16);(48,24)(12,4);(52,44)(4,4)-1000
(52,64)(4,4);(48,24)(12,4);(52,44)(4,4);(44,32)(20,12);(48,28)(16,4);(52,48)(4,4)-1000
(52,68)(4,4);(52,44)(4,12);(44,32)(20,12);(48,24)(12,8)-1000
(52,72)(4,4);(44,32)(20,12);(48,24)(12,8);(44,28)(4,4);(60,28)(4,4);(52,52)(4,4);(44,24)(4,4);(60,24)(4,4)-1000
(52,76)(4,4);(44,32)(20,12);(48,24)(12,8);(44,28)(4,4);(60,28)(4,4);(52,56)(4,4)-1000
(52,80)(4,4);(44,32)(20,12);(44,28)(4,4);(60,28)(4,4);(52,60)(4,4);(48,28)(12,4);(52,24)(8,4);(52,44)(4,4)-1000
(52,84)(4,4);(44,32)(20,12);(44,28)(4,4);(60,28)(4,4);(52,64)(4,4);(52,44)(4,8);(48,28)(12,4);(52,24)(4,4)-1000
(52,88)(4,4);(44,32)(20,12);(52,68)(4,4);(44,28)(20,4);(52,44)(4,12)-1000
(52,92)(4,4);(44,32)(20,12);(52,72)(4,4);(52,52)(4,4);(48,28)(16,4);(48,24)(12,4);(44,28)(4,4);(52,20)(4,4)-1000
(52,96)(4,4);(44,32)(20,12);(52,76)(4,4);(52,56)(4,4);(48,28)(16,4);(48,24)(12,4)-1000
