(10,10)(1,1)-1000
(10,10)(2,1)-1000
(10,10)(3,1)-1000
(10,10)(4,1)-1000
(10,10)(5,1)-1000
(10,10)(6,1)-1000
(10,10)(7,1)-1000
(10,10)(8,1)-1000
(10,10)(9,1)-1000
(10,10)(10,1)-1000
(10,10)(11,1)-1000
(10,10)(12,1)-1000
(10,10)(13,1)-1000
(10,10)(14,1)-1000
(10,10)(15,1)-1000
(10,10)(16,1)-1000
(2,10)(8,1);(18,10)(8,1)-1000
(-2,10)(4,1);(6,10)(4,1);(14,10)(4,1);(22,10)(4,1)-1000
(-4,10)(2,1);(0,10)(2,1);(4,10)(2,1);(8,10)(2,1);(12,10)(2,1);(16,10)(2,1);(20,10)(2,1);(24,10)(2,1)-1000
(-5,10)(1,1);(-3,10)(1,1);(-1,10)(1,1);(1,10)(1,1);(3,10)(1,1);(5,10)(1,1);(7,10)(1,1);(9,10)(1,1);(11,10)(1,1);(13,10)(1,1);(15,10)(1,1);(17,10)(1,1);(19,10)(1,1);(21,10)(1,1);(23,10)(1,1);(25,10)(1,1)-1000
