(50,50)(3,3)-1000
(49,50)(3,3)-1000
(48,50)(3,3)-1000
(47,50)(3,3)-1000
(46,50)(3,3)-1000
(45,50)(3,3)-1000
(44,50)(3,3)-1000
(43,50)(3,3)-1000
(42,50)(3,3)-1000
(41,50)(3,3)-1000
(40,50)(3,3)-1000
(40,51)(3,3)-1000
(40,52)(3,3)-1000
(40,53)(3,3)-1000
(41,53)(3,3)-1000
(42,53)(3,3)-1000
(43,53)(3,3)-1000
(43,52)(3,3)-1000
(43,51)(3,3)-1000
(43,50)(3,3)-1000
(42,50)(3,3)-1000
(41,50)(3,3)-1000
(40,50)(3,3)-1000
(40,51)(3,3)-1000
(40,52)(3,3)-1000
(40,53)(3,3)-1000
(41,53)(3,3)-1000
(42,53)(3,3)-1000
(43,53)(3,3)-1000
(43,52)(3,3)-1000
(43,51)(3,3)-1000
(43,50)(3,3)-1000
(42,50)(3,3)-1000
(41,50)(3,3)-1000
(40,50)(3,3)-1000
(40,51)(3,3)-1000
(40,52)(3,3)-1000
(40,53)(3,3)-1000
(40,54)(3,3)-1000
(40,55)(3,3)-1000
