(30,30)(2,2);(36,30)(2,2)-1000
(31,30)(2,2);(35,30)(2,2)-1000
(32,30)(2,2);(34,30)(2,2)-1000
(32,30)(4,2)-1000
(32,31)(4,2)-1000
(32,32)(4,2)-1000
(32,33)(4,2)-1000
(32,34)(4,2)-1000
(32,35)(4,2)-1000
(32,36)(4,2)-1000
(32,37)(4,2)-1000
(32,38)(4,2)-1000
(32,39)(4,2)-1000
(32,40)(4,2)-1000
(32,41)(4,2)-1000
(32,42)(4,2)-1000
(33,42)(4,2)-1000
(34,42)(4,2)-1000
(35,42)(4,2)-1000
(36,42)(4,2)-1000
(36,41)(4,2)-1000
(36,40)(4,2)-1000
(35,40)(4,2)-1000
(34,40)(4,2)-1000
(33,40)(4,2)-1000
(32,40)(4,2)-1000
(32,41)(4,2)-1000
(32,42)(4,2)-1000
(33,42)(4,2)-1000
(34,42)(4,2)-1000
(35,42)(4,2)-1000
(36,42)(4,2)-1000
(36,41)(4,2)-1000
(36,40)(4,2)-1000
(35,40)(4,2)-1000
(34,40)(4,2)-1000
(33,40)(4,2)-1000
(32,40)(4,2)-1000
