(60,15)(3,3);(76,15)(3,3);(92,15)(3,3);(108,15)(3,3);(124,15)(3,3);(140,15)(3,3);(156,15)(3,3);(172,15)(3,3);(188,15)(3,3);(204,15)(3,3)-1000
(60,15)(3,3);(71,15)(2,3);(76,15)(3,3);(87,15)(2,3);(92,15)(3,3);(103,15)(2,3);(108,15)(3,3);(119,15)(2,3);(124,15)(3,3);(135,15)(2,3);(140,15)(3,3);(151,15)(2,3);(156,15)(3,3);(167,15)(2,3);(172,15)(3,3);(183,15)(2,3);(188,15)(3,3);(199,15)(2,3);(204,15)(3,3);(215,15)(2,3)-1000
(60,15)(3,3);(70,15)(2,3);(76,15)(3,3);(86,15)(2,3);(92,15)(3,3);(102,15)(2,3);(108,15)(3,3);(118,15)(2,3);(124,15)(3,3);(134,15)(2,3);(140,15)(3,3);(150,15)(2,3);(156,15)(3,3);(166,15)(2,3);(172,15)(3,3);(182,15)(2,3);(188,15)(3,3);(198,15)(2,3);(204,15)(3,3);(214,15)(2,3)-1000
(60,15)(3,3);(69,15)(2,3);(76,15)(3,3);(85,15)(2,3);(92,15)(3,3);(101,15)(2,3);(108,15)(3,3);(117,15)(2,3);(124,15)(3,3);(133,15)(2,3);(140,15)(3,3);(149,15)(2,3);(156,15)(3,3);(165,15)(2,3);(172,15)(3,3);(181,15)(2,3);(188,15)(3,3);(197,15)(2,3);(204,15)(3,3);(213,15)(2,3)-1000
(60,15)(3,3);(68,15)(2,3);(76,15)(3,3);(84,15)(2,3);(92,15)(3,3);(100,15)(2,3);(108,15)(3,3);(116,15)(2,3);(124,15)(3,3);(132,15)(2,3);(140,15)(3,3);(148,15)(2,3);(156,15)(3,3);(164,15)(2,3);(172,15)(3,3);(180,15)(2,3);(188,15)(3,3);(196,15)(2,3);(204,15)(3,3);(212,15)(2,3)-1000
(60,15)(3,3);(67,15)(2,3);(76,15)(3,3);(83,15)(2,3);(92,15)(3,3);(99,15)(2,3);(108,15)(3,3);(115,15)(2,3);(124,15)(3,3);(131,15)(2,3);(140,15)(3,3);(147,15)(2,3);(156,15)(3,3);(163,15)(2,3);(172,15)(3,3);(179,15)(2,3);(188,15)(3,3);(195,15)(2,3);(204,15)(3,3);(211,15)(2,3)-1000
(60,15)(3,3);(66,15)(2,3);(76,15)(3,3);(82,15)(2,3);(92,15)(3,3);(98,15)(2,3);(108,15)(3,3);(114,15)(2,3);(124,15)(3,3);(130,15)(2,3);(140,15)(3,3);(146,15)(2,3);(156,15)(3,3);(162,15)(2,3);(172,15)(3,3);(178,15)(2,3);(188,15)(3,3);(194,15)(2,3);(204,15)(3,3);(210,15)(2,3)-1000
(60,15)(3,3);(65,15)(2,3);(76,15)(3,3);(81,15)(2,3);(92,15)(3,3);(97,15)(2,3);(108,15)(3,3);(113,15)(2,3);(124,15)(3,3);(129,15)(2,3);(140,15)(3,3);(145,15)(2,3);(156,15)(3,3);(161,15)(2,3);(172,15)(3,3);(177,15)(2,3);(188,15)(3,3);(193,15)(2,3);(204,15)(3,3);(209,15)(2,3)-1000
(60,15)(3,3);(64,15)(2,3);(76,15)(3,3);(80,15)(2,3);(92,15)(3,3);(96,15)(2,3);(108,15)(3,3);(112,15)(2,3);(124,15)(3,3);(128,15)(2,3);(140,15)(3,3);(144,15)(2,3);(156,15)(3,3);(160,15)(2,3);(172,15)(3,3);(176,15)(2,3);(188,15)(3,3);(192,15)(2,3);(204,15)(3,3);(208,15)(2,3)-1000
(60,15)(5,3);(76,15)(5,3);(92,15)(5,3);(108,15)(5,3);(124,15)(5,3);(140,15)(5,3);(156,15)(5,3);(172,15)(5,3);(188,15)(5,3);(204,15)(5,3)-1000
