(30,30)(2,4);(48,30)(2,4);(66,30)(2,4);(84,30)(2,4);(30,50)(2,4);(48,50)(2,4);(66,50)(2,4);(84,50)(2,4)-1000
(30,30)(2,4);(48,30)(2,4);(66,30)(2,4);(84,30)(2,4);(30,50)(2,4);(48,50)(2,4);(66,50)(2,4);(84,50)(2,4);(40,30)(3,4);(58,30)(3,4);(76,30)(3,4);(94,30)(3,4);(40,50)(3,4);(58,50)(3,4);(76,50)(3,4);(94,50)(3,4)-1000
(30,30)(2,4);(48,30)(2,4);(66,30)(2,4);(84,30)(2,4);(30,50)(2,4);(48,50)(2,4);(66,50)(2,4);(84,50)(2,4);(39,30)(3,4);(57,30)(3,4);(75,30)(3,4);(93,30)(3,4);(39,50)(3,4);(57,50)(3,4);(75,50)(3,4);(93,50)(3,4)-1000
(30,30)(2,4);(48,30)(2,4);(66,30)(2,4);(84,30)(2,4);(30,50)(2,4);(48,50)(2,4);(66,50)(2,4);(84,50)(2,4);(38,30)(3,4);(56,30)(3,4);(74,30)(3,4);(92,30)(3,4);(38,50)(3,4);(56,50)(3,4);(74,50)(3,4);(92,50)(3,4)-1000
(30,30)(2,4);(48,30)(2,4);(66,30)(2,4);(84,30)(2,4);(30,50)(2,4);(48,50)(2,4);(66,50)(2,4);(84,50)(2,4);(37,30)(3,4);(55,30)(3,4);(73,30)(3,4);(91,30)(3,4);(37,50)(3,4);(55,50)(3,4);(73,50)(3,4);(91,50)(3,4)-1000
(30,30)(2,4);(48,30)(2,4);(66,30)(2,4);(84,30)(2,4);(30,50)(2,4);(48,50)(2,4);(66,50)(2,4);(84,50)(2,4);(36,30)(3,4);(54,30)(3,4);(72,30)(3,4);(90,30)(3,4);(36,50)(3,4);(54,50)(3,4);(72,50)(3,4);(90,50)(3,4)-1000
(30,30)(2,4);(48,30)(2,4);(66,30)(2,4);(84,30)(2,4);(30,50)(2,4);(48,50)(2,4);(66,50)(2,4);(84,50)(2,4);(35,30)(3,4);(53,30)(3,4);(71,30)(3,4);(89,30)(3,4);(35,50)(3,4);(53,50)(3,4);(71,50)(3,4);(89,50)(3,4)-1000
(30,30)(2,4);(48,30)(2,4);(66,30)(2,4);(84,30)(2,4);(30,50)(2,4);(48,50)(2,4);(66,50)(2,4);(84,50)(2,4);(34,30)(3,4);(52,30)(3,4);(70,30)(3,4);(88,30)(3,4);(34,50)(3,4);(52,50)(3,4);(70,50)(3,4);(88,50)(3,4)-1000
(30,30)(2,4);(48,30)(2,4);(66,30)(2,4);(84,30)(2,4);(30,50)(2,4);(48,50)(2,4);(66,50)(2,4);(84,50)(2,4);(33,30)(3,4);(51,30)(3,4);(69,30)(3,4);(87,30)(3,4);(33,50)(3,4);(51,50)(3,4);(69,50)(3,4);(87,50)(3,4)-1000
(30,30)(5,4);(48,30)(5,4);(66,30)(5,4);(84,30)(5,4);(30,50)(5,4);(48,50)(5,4);(66,50)(5,4);(84,50)(5,4)-1000
