(44,44)(2,2);(50,44)(2,2);(56,44)(2,2);(62,44)(2,2);(68,44)(2,2);(74,44)(2,2);(80,44)(2,2);(86,44)(2,2);(44,50)(2,2);(50,50)(2,2);(56,50)(2,2);(62,50)(2,2);(68,50)(2,2);(74,50)(2,2);(80,50)(2,2);(86,50)(2,2);(44,56)(2,2);(50,56)(2,2);(56,56)(2,2);(62,56)(2,2);(68,56)(2,2);(74,56)(2,2);(80,56)(2,2);(86,56)(2,2);(44,62)(2,2);(50,62)(2,2);(56,62)(2,2);(62,62)(2,2);(68,62)(2,2);(74,62)(2,2);(80,62)(2,2);(86,62)(2,2)-1000
(44,44)(2,2)-3
(50,44)(2,2)-3
(56,44)(2,2)-3
(62,44)(2,2)-3
(68,44)(2,2)-3
(74,44)(2,2)-3
(80,44)(2,2)-3
(86,44)(2,2)-3
(44,50)(2,2)-3
(50,50)(2,2)-3
(56,50)(2,2)-3
(62,50)(2,2)-3
(68,50)(2,2)-3
(74,50)(2,2)-3
(80,50)(2,2)-3
(86,50)(2,2)-3
(44,56)(2,2)-3
(50,56)(2,2)-3
(56,56)(2,2)-3
(62,56)(2,2)-3
(68,56)(2,2)-3
(74,56)(2,2)-3
(80,56)(2,2)-3
(86,56)(2,2)-3
(44,62)(2,2)-3
(50,62)(2,2)-3
(56,62)(2,2)-3
(62,62)(2,2)-3
(68,62)(2,2)-3
(74,62)(2,2)-3
(80,62)(2,2)-3
(86,62)(2,2)-3
