(100,84)(4,4)-1000
(101,84)(4,4)-1000
(102,84)(4,4)-1000
(102,85)(4,4)-1000
(102,86)(4,4)-1000
(101,86)(4,4)-1000
(100,86)(4,4)-1000
(100,85)(4,4)-1000
(100,84)(4,4)-1000
(101,84)(4,4)-1000
(102,84)(4,4)-1000
(102,85)(4,4)-1000
(102,86)(4,4)-1000
(101,86)(4,4)-1000
(100,86)(4,4)-1000
(100,85)(4,4)-1000
(100,84)(4,4)-1000
(101,84)(4,4)-1000
(102,84)(4,4)-1000
(102,85)(4,4)-1000
(102,86)(4,4)-1000
(101,86)(4,4)-1000
(100,86)(4,4)-1000
(100,85)(4,4)-1000
(100,84)(4,4)-1000
(101,84)(4,4)-1000
(102,84)(4,4)-1000
(102,85)(4,4)-1000
(102,86)(4,4)-1000
(101,86)(4,4)-1000
(100,86)(4,4)-1000
(100,85)(4,4)-1000
(100,84)(4,4)-1000
