(100,84)(4,4)-1000
(100,83)(4,2);(100,87)(4,2)-1000
(101,83)(4,2);(99,87)(4,2)-1000
(101,82)(4,2);(99,88)(4,2)-1000
(100,82)(4,2);(100,88)(4,2)-1000
(100,83)(4,2);(100,87)(4,2)-1000
(100,84)(4,4)-1000
(100,83)(4,2);(100,87)(4,2)-1000
(101,83)(4,2);(99,87)(4,2)-1000
(101,82)(4,2);(99,88)(4,2)-1000
(100,82)(4,2);(100,88)(4,2)-1000
(100,83)(4,2);(100,87)(4,2)-1000
(100,84)(4,4)-1000
(100,83)(4,2);(100,87)(4,2)-1000
(101,83)(4,2);(99,87)(4,2)-1000
(101,82)(4,2);(99,88)(4,2)-1000
(100,82)(4,2);(100,88)(4,2)-1000
(100,83)(4,2);(100,87)(4,2)-1000
(100,84)(4,4)-1000
(100,83)(4,2);(100,87)(4,2)-1000
(101,83)(4,2);(99,87)(4,2)-1000
(101,82)(4,2);(99,88)(4,2)-1000
(100,82)(4,2);(100,88)(4,2)-1000
(100,83)(4,2);(100,87)(4,2)-1000
(100,84)(4,4)-1000
