(18,32)(10,10)-1000
(20,32)(8,10);(28,36)(2,2);(18,32)(2,8)-1000
(20,32)(8,10);(28,36)(2,2);(30,36)(2,2);(18,34)(2,6)-1000
(28,36)(6,2);(18,34)(2,6);(20,32)(2,8);(22,32)(6,10)-1000
(32,36)(2,2);(20,32)(8,10);(18,32)(2,8);(18,40)(2,2);(16,36)(2,2)-1000
(34,36)(2,2);(20,32)(8,10);(18,32)(2,8)-1000
(34,35)(2,2);(20,31)(8,10);(18,31)(2,8)-1000
(34,34)(2,2);(20,30)(8,10);(18,30)(2,8)-1000
(34,33)(2,2);(20,29)(8,10);(18,29)(2,8)-1000
(34,32)(2,2);(20,28)(8,10);(18,28)(2,8)-1000
(34,31)(2,2);(20,27)(8,10);(18,27)(2,8)-1000
(34,30)(2,2);(20,26)(8,10);(18,26)(2,8)-1000
(34,29)(2,2);(20,25)(8,10);(18,25)(2,8)-1000
(34,28)(2,2);(20,24)(8,10);(18,24)(2,8)-1000
(34,27)(2,2);(20,23)(8,10);(18,23)(2,8)-1000
(34,26)(2,2);(20,22)(8,10);(18,22)(2,8)-1000
